1 
0 
981 273 66 59
2 
0 
982 273 66 59
3 
0 
982 272 67 60
4 
0 
982 273 66 59
5 
0 
982 271 66 60
6 
0 
981 271 66 60
7 
0 
980 262 69 59
8 
0 
979 262 70 59
9 
0 
981 264 67 58
10 
0 
974 264 66 59
11 
0 
969 271 68 61
12 
0 
937 250 68 58
13 
0 
892 196 68 59
14 
0 
860 216 69 60
15 
0 
862 217 68 60
16 
0 
879 227 59 60
17 
0 
893 236 67 59
18 
0 
912 262 70 61
19 
0 
957 315 66 60
20 
0 
988 308 67 61
21 
0 
989 302 68 59
22 
0 
980 292 66 59
23 
0 
967 273 67 60
24 
0 
962 277 67 59
25 
0 
962 284 68 57
