1 
0 
1001 928 80 64
2 
0 
985 921 75 59
3 
0 
966 914 77 61
4 
0 
959 923 75 60
5 
0 
944 909 79 70
6 
0 
931 900 79 57
7 
0 
913 890 78 63
8 
0 
905 888 83 67
9 
0 
893 884 81 70
10 
0 
890 890 79 63
11 
0 
891 889 72 63
12 
0 
885 881 77 59
13 
0 
894 878 55 60
14 
0 
892 876 54 58
15 
0 
891 864 61 61
16 
0 
895 853 62 61
17 
0 
894 847 61 59
18 
0 
900 847 59 54
19 
0 
904 845 58 54
20 
0 
904 843 57 56
21 
0 
919 838 59 56
22 
0 
922 818 58 63
23 
0 
922 808 55 67
24 
0 
911 797 79 66
25 
0 
917 784 59 67
26 
0 
909 767 71 60
27 
0 
896 761 79 64
28 
0 
896 750 79 67
29 
0 
897 732 78 64
30 
0 
893 709 80 66
31 
0 
892 695 77 63
32 
0 
896 685 77 64
33 
0 
897 686 77 61
34 
0 
899 683 76 61
35 
0 
909 672 73 63
36 
0 
921 664 75 64
37 
0 
927 663 76 65
38 
0 
932 660 75 66
39 
0 
940 654 74 69
40 
0 
947 641 75 61
41 
0 
956 621 73 64
42 
0 
953 617 78 64
43 
0 
957 616 76 60
44 
0 
955 608 79 62
45 
0 
959 599 79 62
46 
0 
969 585 61 78
47 
0 
960 589 79 62
48 
0 
965 584 55 72
49 
0 
953 580 59 75
50 
0 
952 578 60 74
51 
0 
950 570 60 75
52 
0 
946 567 62 78
53 
0 
937 568 77 69
54 
0 
944 561 62 75
55 
0 
951 553 62 84
56 
0 
943 562 78 68
57 
0 
954 544 62 81
58 
0 
957 547 75 69
59 
0 
956 549 79 70
60 
0 
963 559 78 65
61 
0 
975 551 80 64
62 
0 
980 552 73 62
63 
0 
981 552 75 61
64 
0 
983 548 72 60
65 
0 
977 547 75 62
66 
0 
978 545 72 66
67 
0 
967 550 72 63
68 
0 
963 549 73 66
69 
0 
972 548 59 61
70 
0 
968 547 70 60
71 
0 
966 544 58 63
72 
0 
947 547 59 62
73 
0 
923 541 72 64
74 
0 
925 535 60 68
75 
0 
907 528 70 65
76 
0 
898 518 60 70
77 
0 
885 525 70 64
78 
0 
888 534 70 60
79 
0 
889 544 70 58
80 
0 
892 552 70 57
81 
0 
885 561 71 58
82 
0 
872 566 72 56
83 
0 
882 574 56 55
84 
0 
881 577 58 60
85 
0 
891 575 71 54
86 
0 
917 571 56 53
87 
0 
926 564 55 56
88 
0 
939 543 57 61
89 
0 
952 527 47 55
90 
0 
954 508 56 53
91 
0 
974 484 56 53
92 
0 
958 454 73 58
93 
0 
946 436 51 57
94 
0 
918 420 72 57
95 
0 
916 396 74 60
96 
0 
917 386 72 53
97 
0 
889 389 70 54
98 
0 
868 392 72 56
99 
0 
850 387 73 57
100 
0 
835 395 70 57
101 
0 
802 397 73 60
102 
0 
778 405 73 59
103 
0 
749 414 73 58
104 
0 
719 427 73 59
105 
0 
695 438 71 62
106 
0 
679 451 71 57
107 
0 
674 457 69 57
108 
0 
675 461 68 53
109 
0 
673 465 70 55
110 
0 
656 478 69 54
111 
0 
647 480 68 58
112 
0 
654 487 71 60
113 
0 
671 503 68 58
114 
0 
683 500 68 56
115 
0 
705 508 67 57
116 
0 
732 528 68 56
117 
0 
764 541 67 57
118 
0 
779 557 60 55
119 
0 
794 567 69 57
120 
0 
815 551 67 60
121 
0 
835 544 57 57
122 
0 
842 548 67 56
123 
0 
852 551 68 55
124 
0 
860 558 67 54
125 
0 
861 563 66 55
126 
0 
860 563 67 55
127 
0 
845 567 67 56
128 
0 
838 572 67 58
129 
0 
837 572 68 59
130 
0 
841 568 67 57
131 
0 
841 564 68 57
132 
0 
838 571 67 59
133 
0 
837 572 67 60
134 
0 
838 563 66 60
135 
0 
843 556 68 59
136 
0 
848 556 67 57
137 
0 
853 557 68 58
138 
0 
861 567 66 58
139 
0 
866 566 68 56
140 
0 
872 566 68 58
141 
0 
878 572 68 58
142 
0 
896 568 58 57
143 
0 
902 566 67 58
144 
0 
908 566 68 60
145 
0 
911 570 68 58
146 
0 
922 572 68 57
147 
0 
926 567 67 57
148 
0 
932 564 67 59
149 
0 
936 566 69 58
150 
0 
938 565 68 58
151 
0 
938 566 68 56
152 
0 
934 569 67 58
153 
0 
927 565 67 58
154 
0 
921 561 67 58
155 
0 
920 561 59 60
156 
0 
908 563 66 59
157 
0 
911 559 61 54
158 
0 
908 556 67 56
159 
0 
913 558 68 57
160 
0 
909 561 69 59
161 
0 
916 560 69 61
162 
0 
917 565 69 59
163 
0 
922 568 68 57
164 
0 
924 575 70 59
165 
0 
934 573 67 60
166 
0 
935 574 68 62
167 
0 
937 578 70 60
168 
0 
938 578 70 60
169 
0 
943 576 69 60
170 
0 
938 575 69 61
171 
0 
937 572 68 60
172 
0 
933 567 67 60
173 
0 
932 565 67 61
174 
0 
926 567 68 60
175 
0 
922 565 68 61
176 
0 
925 568 58 59
177 
0 
926 565 59 62
178 
0 
927 567 60 60
179 
0 
924 567 68 62
180 
0 
925 571 69 64
181 
0 
932 568 67 62
182 
0 
926 567 68 63
183 
0 
932 565 68 62
184 
0 
935 561 62 65
185 
0 
932 565 67 63
186 
0 
932 564 68 63
187 
0 
935 554 69 62
188 
0 
936 553 68 63
189 
0 
938 551 68 62
190 
0 
940 555 68 60
191 
0 
944 554 70 62
192 
0 
946 555 67 62
193 
0 
946 564 60 62
194 
0 
940 561 69 63
195 
0 
939 560 69 64
196 
0 
935 554 69 62
197 
0 
937 553 69 62
198 
0 
940 552 69 62
199 
0 
938 554 68 61
200 
0 
942 555 60 60
201 
0 
936 560 69 65
202 
0 
939 562 69 63
203 
0 
943 562 70 65
204 
0 
945 560 70 64
205 
0 
942 555 69 59
206 
0 
948 555 69 59
207 
0 
950 551 69 63
208 
0 
947 552 71 62
209 
0 
948 558 70 65
210 
0 
943 559 71 63
211 
0 
944 560 57 62
212 
0 
948 562 42 59
213 
0 
936 563 46 44
214 
0 
970 564 44 60
215 
0 
952 573 51 55
216 
0 
952 570 54 55
217 
0 
961 559 44 67
218 
0 
944 550 56 67
219 
0 
940 558 72 65
220 
0 
948 562 73 64
221 
0 
963 564 69 65
222 
0 
967 568 69 62
223 
0 
965 568 69 60
224 
0 
969 571 70 61
225 
0 
978 573 71 64
226 
0 
979 571 70 64
227 
0 
980 576 69 62
228 
0 
979 577 69 61
229 
0 
974 577 69 61
230 
0 
969 576 70 61
231 
0 
965 572 69 62
232 
0 
961 570 69 64
233 
0 
948 574 71 59
234 
0 
939 570 69 60
235 
0 
926 563 69 60
236 
0 
923 562 68 59
237 
0 
917 556 67 60
238 
0 
918 553 59 58
239 
0 
913 551 67 61
240 
0 
912 552 67 60
241 
0 
910 549 66 62
242 
0 
912 547 67 60
243 
0 
917 549 67 58
244 
0 
916 549 66 59
245 
0 
919 551 68 59
246 
0 
919 548 67 59
247 
0 
923 551 67 57
248 
0 
933 550 65 59
249 
0 
926 553 67 57
250 
0 
927 551 66 60
251 
0 
934 549 66 61
252 
0 
932 552 67 61
253 
0 
932 553 67 59
254 
0 
933 554 67 59
255 
0 
933 554 68 60
256 
0 
934 549 64 57
257 
0 
931 550 59 55
258 
0 
925 550 67 58
259 
0 
933 548 64 57
260 
0 
926 547 66 56
261 
0 
928 545 58 58
262 
0 
926 541 59 58
263 
0 
922 539 68 59
264 
0 
926 539 60 59
265 
0 
921 533 68 61
266 
0 
927 540 60 59
267 
0 
924 542 67 57
268 
0 
929 541 59 58
269 
0 
925 541 68 59
270 
0 
933 535 65 56
271 
0 
928 538 61 60
272 
0 
927 539 67 58
273 
0 
925 533 68 60
274 
0 
927 532 67 61
275 
0 
932 533 67 58
276 
0 
934 532 69 60
277 
0 
933 530 68 61
278 
0 
931 530 69 60
279 
0 
934 526 66 60
280 
0 
935 527 67 61
281 
0 
934 526 65 59
282 
0 
936 516 67 63
283 
0 
945 516 59 60
284 
0 
945 515 67 61
285 
0 
948 515 60 61
286 
0 
945 510 68 62
287 
0 
945 509 68 61
288 
0 
947 506 68 63
289 
0 
946 507 60 61
290 
0 
942 507 69 61
291 
0 
948 506 67 58
292 
0 
948 507 69 58
293 
0 
945 506 68 61
294 
0 
944 506 67 63
295 
0 
944 506 68 59
296 
0 
943 507 67 60
297 
0 
943 507 68 62
298 
0 
945 515 69 61
299 
0 
951 517 58 61
300 
0 
946 524 67 59
301 
0 
944 528 67 61
302 
0 
944 538 68 62
303 
0 
951 543 60 60
304 
0 
954 548 59 57
305 
0 
958 547 67 61
306 
0 
958 549 66 61
307 
0 
956 553 68 60
308 
0 
961 561 61 60
309 
0 
961 564 60 60
310 
0 
958 567 66 60
311 
0 
958 568 67 61
312 
0 
958 567 65 58
313 
0 
962 565 59 59
314 
0 
957 562 65 60
315 
0 
955 555 68 59
316 
0 
959 553 61 58
317 
0 
960 548 67 59
318 
0 
962 544 68 57
319 
0 
965 541 57 58
320 
0 
960 539 67 61
321 
0 
958 538 67 62
322 
0 
961 531 68 62
323 
0 
959 530 68 61
324 
0 
961 529 58 59
325 
0 
958 527 67 61
326 
0 
961 525 59 57
327 
0 
958 524 66 61
328 
0 
958 522 66 60
329 
0 
961 521 58 56
330 
0 
950 516 68 63
331 
0 
955 516 59 61
332 
0 
957 512 67 58
333 
0 
955 509 68 59
334 
0 
948 506 68 58
335 
0 
945 506 68 60
336 
0 
945 506 70 61
337 
0 
945 506 67 59
338 
0 
938 508 68 61
339 
0 
933 508 68 61
340 
0 
937 506 61 64
341 
0 
933 505 67 63
342 
0 
932 506 66 60
343 
0 
929 502 59 57
344 
0 
927 495 67 61
345 
0 
932 488 68 60
346 
0 
931 485 70 62
347 
0 
933 486 68 61
348 
0 
933 485 71 62
349 
0 
936 486 67 60
350 
0 
939 493 68 63
351 
0 
941 500 68 59
352 
0 
943 508 68 62
353 
0 
942 523 68 59
354 
0 
945 526 67 57
355 
0 
945 526 68 58
356 
0 
951 520 58 58
357 
0 
954 518 58 58
358 
0 
950 517 67 60
359 
0 
947 515 68 61
360 
0 
949 509 68 60
361 
0 
948 506 67 59
362 
0 
950 498 67 60
363 
0 
950 499 68 59
364 
0 
949 496 67 59
365 
0 
947 493 70 60
366 
0 
949 487 69 61
367 
0 
949 486 68 58
368 
0 
949 485 67 59
369 
0 
947 484 70 58
370 
0 
944 486 70 61
371 
0 
945 486 69 61
372 
0 
942 486 69 61
373 
0 
939 485 69 62
374 
0 
943 484 69 58
375 
0 
943 484 60 63
376 
0 
943 487 67 60
377 
0 
939 488 68 61
378 
0 
940 494 68 61
379 
0 
935 495 67 60
380 
0 
932 495 67 60
381 
0 
934 501 66 60
382 
0 
937 500 60 58
383 
0 
935 499 61 61
384 
0 
933 499 66 62
385 
0 
935 495 67 61
