1 
-1 
0 0 0 0
2 
-1 
0 0 0 0
3 
-1 
0 0 0 0
4 
-1 
0 0 0 0
5 
-1 
0 0 0 0
6 
-1 
0 0 0 0
7 
-1 
0 0 0 0
8 
-1 
0 0 0 0
9 
-1 
0 0 0 0
10 
-1 
0 0 0 0
11 
-1 
0 0 0 0
12 
-1 
0 0 0 0
13 
-1 
0 0 0 0
14 
-1 
0 0 0 0
15 
-1 
0 0 0 0
16 
-1 
0 0 0 0
17 
-1 
0 0 0 0
18 
-1 
0 0 0 0
19 
-1 
0 0 0 0
20 
-1 
0 0 0 0
21 
-1 
0 0 0 0
22 
-1 
0 0 0 0
23 
-1 
0 0 0 0
24 
-1 
0 0 0 0
25 
-1 
0 0 0 0
26 
-1 
0 0 0 0
27 
-1 
0 0 0 0
28 
-1 
0 0 0 0
29 
-1 
0 0 0 0
30 
-1 
0 0 0 0
31 
-1 
0 0 0 0
32 
-1 
0 0 0 0
33 
-1 
0 0 0 0
34 
-1 
0 0 0 0
35 
-1 
0 0 0 0
36 
-1 
0 0 0 0
37 
-1 
0 0 0 0
38 
-1 
0 0 0 0
39 
-1 
0 0 0 0
40 
-1 
0 0 0 0
41 
-1 
0 0 0 0
42 
-1 
0 0 0 0
43 
-1 
0 0 0 0
44 
-1 
0 0 0 0
45 
-1 
0 0 0 0
46 
-1 
0 0 0 0
47 
-1 
0 0 0 0
48 
-1 
0 0 0 0
49 
-1 
0 0 0 0
50 
-1 
0 0 0 0
51 
-1 
0 0 0 0
52 
-1 
0 0 0 0
53 
-1 
0 0 0 0
54 
-1 
0 0 0 0
55 
-1 
0 0 0 0
56 
-1 
0 0 0 0
57 
-1 
0 0 0 0
58 
-1 
0 0 0 0
59 
-1 
0 0 0 0
60 
-1 
0 0 0 0
61 
-1 
0 0 0 0
62 
-1 
0 0 0 0
63 
-1 
0 0 0 0
64 
-1 
0 0 0 0
65 
-1 
0 0 0 0
66 
-1 
0 0 0 0
67 
-1 
0 0 0 0
68 
-1 
0 0 0 0
69 
-1 
0 0 0 0
70 
-1 
0 0 0 0
71 
-1 
0 0 0 0
72 
-1 
0 0 0 0
73 
-1 
0 0 0 0
74 
-1 
0 0 0 0
75 
-1 
0 0 0 0
76 
-1 
0 0 0 0
77 
-1 
0 0 0 0
78 
-1 
0 0 0 0
79 
-1 
0 0 0 0
80 
-1 
0 0 0 0
81 
-1 
0 0 0 0
82 
-1 
0 0 0 0
83 
-1 
0 0 0 0
84 
-1 
0 0 0 0
85 
-1 
0 0 0 0
86 
-1 
0 0 0 0
87 
-1 
0 0 0 0
88 
-1 
0 0 0 0
89 
-1 
0 0 0 0
90 
-1 
0 0 0 0
91 
-1 
0 0 0 0
92 
-1 
0 0 0 0
93 
-1 
0 0 0 0
94 
-1 
0 0 0 0
95 
-1 
0 0 0 0
96 
-1 
0 0 0 0
97 
-1 
0 0 0 0
98 
-1 
0 0 0 0
99 
-1 
0 0 0 0
100 
-1 
0 0 0 0
101 
-1 
0 0 0 0
102 
-1 
0 0 0 0
103 
-1 
0 0 0 0
104 
-1 
0 0 0 0
105 
-1 
0 0 0 0
106 
-1 
0 0 0 0
107 
-1 
0 0 0 0
108 
-1 
0 0 0 0
109 
-1 
0 0 0 0
110 
-1 
0 0 0 0
111 
-1 
0 0 0 0
112 
-1 
0 0 0 0
113 
-1 
0 0 0 0
114 
-1 
0 0 0 0
115 
-1 
0 0 0 0
116 
-1 
0 0 0 0
117 
-1 
0 0 0 0
118 
-1 
0 0 0 0
119 
-1 
0 0 0 0
120 
-1 
0 0 0 0
121 
-1 
0 0 0 0
122 
-1 
0 0 0 0
123 
-1 
0 0 0 0
124 
-1 
0 0 0 0
125 
-1 
0 0 0 0
126 
-1 
0 0 0 0
127 
-1 
0 0 0 0
128 
-1 
0 0 0 0
129 
-1 
0 0 0 0
130 
-1 
0 0 0 0
131 
-1 
0 0 0 0
132 
-1 
0 0 0 0
133 
-1 
0 0 0 0
134 
-1 
0 0 0 0
135 
-1 
0 0 0 0
136 
-1 
0 0 0 0
137 
-1 
0 0 0 0
138 
-1 
0 0 0 0
139 
-1 
0 0 0 0
140 
-1 
0 0 0 0
141 
-1 
0 0 0 0
142 
-1 
0 0 0 0
143 
-1 
0 0 0 0
144 
-1 
0 0 0 0
145 
-1 
0 0 0 0
146 
-1 
0 0 0 0
147 
-1 
0 0 0 0
148 
-1 
0 0 0 0
149 
-1 
0 0 0 0
150 
-1 
0 0 0 0
151 
-1 
0 0 0 0
152 
-1 
0 0 0 0
153 
-1 
0 0 0 0
154 
-1 
0 0 0 0
155 
-1 
0 0 0 0
156 
-1 
0 0 0 0
157 
-1 
0 0 0 0
158 
-1 
0 0 0 0
159 
-1 
0 0 0 0
160 
-1 
0 0 0 0
161 
-1 
0 0 0 0
162 
-1 
0 0 0 0
163 
-1 
0 0 0 0
164 
-1 
0 0 0 0
165 
-1 
0 0 0 0
166 
-1 
0 0 0 0
167 
-1 
0 0 0 0
168 
-1 
0 0 0 0
169 
-1 
0 0 0 0
170 
-1 
0 0 0 0
171 
-1 
0 0 0 0
172 
-1 
0 0 0 0
173 
-1 
0 0 0 0
174 
-1 
0 0 0 0
175 
-1 
0 0 0 0
176 
-1 
0 0 0 0
177 
-1 
0 0 0 0
178 
-1 
0 0 0 0
179 
-1 
0 0 0 0
180 
-1 
0 0 0 0
181 
-1 
0 0 0 0
182 
-1 
0 0 0 0
183 
-1 
0 0 0 0
184 
-1 
0 0 0 0
185 
-1 
0 0 0 0
186 
-1 
0 0 0 0
187 
-1 
0 0 0 0
188 
-1 
0 0 0 0
189 
-1 
0 0 0 0
190 
-1 
0 0 0 0
191 
-1 
0 0 0 0
192 
-1 
0 0 0 0
193 
-1 
0 0 0 0
194 
-1 
0 0 0 0
195 
-1 
0 0 0 0
196 
-1 
0 0 0 0
197 
-1 
0 0 0 0
198 
-1 
0 0 0 0
199 
-1 
0 0 0 0
200 
-1 
0 0 0 0
201 
-1 
0 0 0 0
202 
-1 
0 0 0 0
203 
-1 
0 0 0 0
204 
-1 
0 0 0 0
205 
-1 
0 0 0 0
206 
-1 
0 0 0 0
207 
-1 
0 0 0 0
208 
-1 
0 0 0 0
209 
-1 
0 0 0 0
210 
-1 
0 0 0 0
211 
-1 
0 0 0 0
212 
-1 
0 0 0 0
213 
-1 
0 0 0 0
214 
-1 
0 0 0 0
215 
-1 
0 0 0 0
216 
-1 
0 0 0 0
217 
-1 
0 0 0 0
218 
-1 
0 0 0 0
219 
-1 
0 0 0 0
220 
-1 
0 0 0 0
221 
-1 
0 0 0 0
222 
-1 
0 0 0 0
223 
-1 
0 0 0 0
224 
-1 
0 0 0 0
225 
-1 
0 0 0 0
226 
-1 
0 0 0 0
227 
-1 
0 0 0 0
228 
-1 
0 0 0 0
229 
-1 
0 0 0 0
230 
-1 
0 0 0 0
231 
-1 
0 0 0 0
232 
-1 
0 0 0 0
233 
-1 
0 0 0 0
234 
-1 
0 0 0 0
235 
-1 
0 0 0 0
236 
-1 
0 0 0 0
237 
-1 
0 0 0 0
238 
-1 
0 0 0 0
239 
-1 
0 0 0 0
240 
-1 
0 0 0 0
241 
-1 
0 0 0 0
242 
-1 
0 0 0 0
243 
-1 
0 0 0 0
244 
-1 
0 0 0 0
245 
-1 
0 0 0 0
246 
-1 
0 0 0 0
247 
-1 
0 0 0 0
248 
-1 
0 0 0 0
249 
-1 
0 0 0 0
250 
-1 
0 0 0 0
251 
-1 
0 0 0 0
252 
-1 
0 0 0 0
253 
-1 
0 0 0 0
254 
-1 
0 0 0 0
255 
-1 
0 0 0 0
256 
-1 
0 0 0 0
257 
-1 
0 0 0 0
258 
-1 
0 0 0 0
259 
-1 
0 0 0 0
260 
-1 
0 0 0 0
261 
-1 
0 0 0 0
262 
-1 
0 0 0 0
263 
-1 
0 0 0 0
264 
-1 
0 0 0 0
265 
-1 
0 0 0 0
266 
-1 
0 0 0 0
267 
-1 
0 0 0 0
268 
-1 
0 0 0 0
269 
-1 
0 0 0 0
270 
-1 
0 0 0 0
271 
-1 
0 0 0 0
272 
-1 
0 0 0 0
273 
-1 
0 0 0 0
274 
-1 
0 0 0 0
275 
-1 
0 0 0 0
276 
-1 
0 0 0 0
277 
-1 
0 0 0 0
278 
-1 
0 0 0 0
279 
-1 
0 0 0 0
280 
-1 
0 0 0 0
281 
-1 
0 0 0 0
282 
-1 
0 0 0 0
283 
-1 
0 0 0 0
284 
-1 
0 0 0 0
285 
-1 
0 0 0 0
286 
-1 
0 0 0 0
287 
-1 
0 0 0 0
288 
-1 
0 0 0 0
289 
-1 
0 0 0 0
290 
-1 
0 0 0 0
291 
-1 
0 0 0 0
292 
-1 
0 0 0 0
293 
-1 
0 0 0 0
294 
-1 
0 0 0 0
295 
-1 
0 0 0 0
296 
-1 
0 0 0 0
297 
-1 
0 0 0 0
298 
-1 
0 0 0 0
299 
-1 
0 0 0 0
300 
-1 
0 0 0 0
301 
-1 
0 0 0 0
302 
-1 
0 0 0 0
303 
-1 
0 0 0 0
304 
-1 
0 0 0 0
305 
-1 
0 0 0 0
306 
-1 
0 0 0 0
307 
-1 
0 0 0 0
308 
-1 
0 0 0 0
309 
-1 
0 0 0 0
310 
-1 
0 0 0 0
311 
-1 
0 0 0 0
312 
-1 
0 0 0 0
313 
-1 
0 0 0 0
314 
-1 
0 0 0 0
315 
-1 
0 0 0 0
316 
-1 
0 0 0 0
317 
-1 
0 0 0 0
318 
-1 
0 0 0 0
319 
-1 
0 0 0 0
320 
-1 
0 0 0 0
321 
-1 
0 0 0 0
322 
-1 
0 0 0 0
323 
-1 
0 0 0 0
324 
-1 
0 0 0 0
325 
-1 
0 0 0 0
326 
-1 
0 0 0 0
327 
-1 
0 0 0 0
328 
-1 
0 0 0 0
329 
-1 
0 0 0 0
330 
-1 
0 0 0 0
331 
-1 
0 0 0 0
332 
-1 
0 0 0 0
333 
-1 
0 0 0 0
334 
-1 
0 0 0 0
335 
-1 
0 0 0 0
336 
-1 
0 0 0 0
337 
-1 
0 0 0 0
338 
-1 
0 0 0 0
339 
-1 
0 0 0 0
340 
-1 
0 0 0 0
341 
-1 
0 0 0 0
342 
-1 
0 0 0 0
343 
-1 
0 0 0 0
344 
-1 
0 0 0 0
345 
-1 
0 0 0 0
346 
-1 
0 0 0 0
347 
-1 
0 0 0 0
348 
-1 
0 0 0 0
349 
-1 
0 0 0 0
350 
-1 
0 0 0 0
351 
-1 
0 0 0 0
352 
-1 
0 0 0 0
353 
-1 
0 0 0 0
354 
-1 
0 0 0 0
355 
-2 
0 0 0 0
356 
-2 
0 0 0 0
357 
-2 
0 0 0 0
358 
-2 
0 0 0 0
359 
-2 
0 0 0 0
360 
-2 
0 0 0 0
361 
-1 
0 0 0 0
362 
-1 
0 0 0 0
363 
-1 
0 0 0 0
364 
-1 
0 0 0 0
365 
-1 
0 0 0 0
366 
-1 
0 0 0 0
367 
-1 
0 0 0 0
368 
-1 
0 0 0 0
369 
-1 
0 0 0 0
370 
-2 
0 0 0 0
371 
-1 
0 0 0 0
372 
-1 
0 0 0 0
373 
-1 
0 0 0 0
374 
-1 
0 0 0 0
375 
-1 
0 0 0 0
376 
-1 
0 0 0 0
377 
-1 
0 0 0 0
378 
-2 
0 0 0 0
379 
-1 
0 0 0 0
380 
-1 
0 0 0 0
381 
-1 
0 0 0 0
382 
-2 
0 0 0 0
383 
-2 
0 0 0 0
384 
0 
1125 691 30 40
385 
0 
1125 685 29 49
386 
0 
1125 684 27 49
387 
0 
1124 684 28 47
388 
0 
1122 685 29 48
389 
0 
1122 686 29 47
390 
0 
1121 687 29 51
391 
0 
1119 693 32 51
392 
0 
1123 716 28 50
393 
0 
1129 732 29 51
394 
0 
1139 738 26 53
395 
0 
1151 752 28 39
396 
0 
1162 754 27 52
397 
0 
1163 753 27 41
398 
0 
1169 753 29 38
399 
0 
1174 738 34 41
400 
0 
1182 720 32 38
401 
0 
1188 700 37 41
402 
0 
1190 688 34 45
403 
0 
1194 681 32 47
404 
0 
1191 671 37 43
405 
0 
1191 669 35 44
406 
0 
1192 667 34 48
407 
0 
1193 673 34 44
408 
0 
1193 677 32 41
409 
0 
1193 681 31 48
410 
0 
1188 687 26 46
411 
0 
1168 689 31 43
412 
0 
1152 684 29 48
413 
0 
1141 683 31 47
414 
0 
1130 678 30 43
415 
0 
1120 668 32 48
416 
0 
1114 658 28 45
417 
0 
1109 641 29 47
418 
0 
1107 627 29 44
419 
0 
1103 611 30 46
420 
0 
1097 599 32 45
421 
0 
1096 596 30 43
422 
0 
1095 594 29 43
423 
0 
1094 591 31 47
424 
0 
1093 597 31 44
425 
0 
1091 608 28 44
426 
0 
1094 623 29 43
427 
0 
1095 631 32 46
428 
0 
1102 638 32 48
429 
0 
1116 641 26 47
430 
0 
1123 647 31 40
431 
0 
1132 650 31 41
432 
0 
1135 653 30 43
433 
0 
1133 658 28 43
434 
0 
1131 663 29 44
435 
0 
1129 665 31 44
436 
0 
1127 665 30 44
437 
0 
1124 664 31 43
438 
0 
1124 662 29 43
439 
0 
1123 659 30 42
440 
0 
1123 649 30 43
441 
0 
1121 647 32 40
442 
0 
1121 644 32 39
443 
0 
1121 636 31 43
444 
0 
1121 627 34 39
445 
0 
1119 623 34 39
446 
0 
1120 617 31 39
447 
0 
1118 607 33 39
448 
0 
1116 599 34 40
449 
0 
1113 586 31 44
450 
0 
1112 576 29 44
451 
0 
1108 561 31 41
452 
0 
1104 540 30 43
453 
0 
1099 518 32 45
454 
0 
1093 498 34 41
455 
0 
1090 480 27 44
456 
0 
1083 462 30 44
457 
0 
1081 446 29 43
458 
0 
1078 432 26 45
459 
0 
1076 422 29 43
460 
0 
1075 416 29 43
461 
0 
1074 413 29 43
462 
0 
1074 413 28 41
463 
0 
1074 414 29 41
464 
0 
1074 418 32 41
465 
0 
1080 422 29 40
466 
0 
1088 425 28 39
467 
0 
1091 424 28 42
468 
0 
1094 423 31 40
469 
0 
1096 423 31 38
470 
0 
1098 420 32 39
471 
0 
1108 414 27 42
472 
0 
1120 409 28 38
473 
0 
1131 406 29 38
474 
0 
1143 401 30 36
475 
0 
1151 391 27 41
476 
0 
1159 385 28 40
477 
0 
1165 377 26 43
478 
0 
1168 368 26 43
479 
0 
1167 364 30 38
480 
0 
1167 363 31 37
481 
0 
1167 362 30 37
482 
0 
1165 361 25 37
483 
0 
1158 361 27 36
484 
0 
1152 358 29 39
485 
0 
1153 354 29 40
486 
0 
1158 349 25 39
487 
0 
1159 344 25 40
488 
0 
1161 341 28 38
489 
0 
1159 336 29 39
490 
0 
1154 322 30 47
491 
0 
1157 319 27 41
492 
0 
1153 310 31 43
493 
0 
1154 306 28 42
494 
0 
1154 301 33 45
495 
0 
1153 296 33 36
496 
0 
1157 292 27 39
497 
0 
1159 295 29 40
498 
0 
1155 288 30 41
499 
0 
1156 291 28 39
500 
0 
1156 302 35 43
501 
0 
1164 319 28 40
502 
0 
1167 343 30 35
503 
0 
1173 361 28 38
504 
0 
1179 373 28 39
505 
0 
1189 378 31 36
506 
0 
1192 378 31 37
507 
0 
1197 374 32 42
508 
0 
1210 370 26 42
509 
0 
1217 369 26 39
510 
0 
1224 365 28 37
511 
0 
1225 357 32 42
512 
0 
1230 356 31 42
513 
0 
1230 354 34 41
514 
0 
1230 352 36 42
515 
0 
1236 352 35 39
516 
0 
1239 350 31 40
517 
0 
1237 348 35 42
518 
0 
1237 348 35 41
519 
0 
1237 348 34 41
520 
0 
1235 349 39 41
521 
0 
1229 350 38 41
522 
0 
1229 350 34 40
523 
0 
1220 350 36 41
524 
0 
1211 350 38 40
525 
0 
1198 347 36 44
526 
0 
1187 347 39 43
527 
0 
1179 347 36 43
528 
0 
1174 344 36 46
529 
0 
1174 344 31 46
530 
0 
1172 340 34 39
531 
0 
1174 340 34 40
532 
0 
1175 339 33 40
533 
0 
1176 338 34 41
534 
0 
1175 338 33 40
535 
0 
1176 339 32 39
536 
0 
1178 338 32 39
537 
0 
1187 342 27 38
538 
0 
1194 335 33 42
539 
0 
1204 334 32 43
540 
0 
1215 332 33 41
541 
0 
1224 329 33 42
542 
0 
1235 328 37 44
543 
0 
1242 327 33 44
544 
0 
1248 325 33 44
545 
0 
1253 325 36 43
546 
0 
1260 325 36 42
547 
0 
1264 326 31 43
548 
0 
1264 331 31 41
549 
0 
1260 345 37 43
550 
0 
1253 358 34 42
551 
0 
1244 360 34 45
552 
0 
1234 367 39 45
553 
0 
1220 368 31 45
554 
0 
1201 373 30 41
555 
0 
1180 374 34 41
556 
0 
1168 377 33 41
557 
0 
1157 380 31 42
558 
0 
1147 380 32 42
559 
0 
1142 379 33 40
560 
0 
1139 380 36 41
561 
0 
1133 379 40 44
562 
0 
1140 377 34 43
563 
0 
1141 377 36 40
564 
0 
1146 375 33 41
565 
0 
1151 376 32 41
566 
0 
1158 375 29 43
567 
0 
1160 375 31 43
568 
0 
1167 373 32 44
569 
0 
1170 374 30 42
570 
0 
1170 373 33 44
571 
0 
1174 369 30 45
572 
0 
1182 368 27 41
573 
0 
1192 364 25 38
574 
0 
1191 354 33 42
575 
0 
1196 349 29 43
576 
0 
1195 345 34 44
577 
0 
1200 340 30 39
578 
0 
1206 343 28 38
579 
0 
1206 335 30 43
580 
0 
1206 330 37 45
581 
0 
1216 325 32 44
582 
0 
1221 316 31 41
583 
0 
1224 314 31 40
584 
0 
1225 311 33 42
585 
0 
1225 307 32 42
586 
0 
1223 302 35 43
587 
0 
1224 299 29 48
588 
0 
1221 292 29 40
589 
0 
1207 288 23 44
590 
0 
1183 289 33 42
591 
0 
1171 286 29 42
592 
0 
1159 284 32 44
593 
0 
1157 282 33 44
594 
0 
1156 281 37 42
595 
0 
1158 276 35 46
596 
0 
1166 275 28 38
597 
0 
1166 265 31 40
598 
0 
1167 261 33 40
599 
0 
1170 253 28 38
600 
0 
1172 237 30 43
601 
0 
1174 222 29 41
602 
0 
1175 211 30 45
603 
0 
1179 198 28 42
604 
0 
1179 186 29 49
605 
0 
1186 182 27 38
606 
0 
1189 172 25 39
607 
0 
1190 161 31 36
608 
0 
1191 154 31 37
609 
0 
1192 146 30 40
610 
0 
1193 138 30 40
611 
0 
1194 135 31 37
612 
0 
1196 131 30 37
613 
0 
1197 125 30 39
614 
0 
1201 120 28 39
615 
0 
1203 116 33 37
616 
0 
1206 113 30 36
617 
0 
1209 108 28 37
618 
0 
1211 103 26 39
619 
0 
1213 104 25 39
620 
0 
1213 105 26 38
621 
0 
1214 107 30 35
622 
0 
1213 109 33 34
623 
0 
1214 110 33 35
624 
0 
1215 111 33 35
625 
0 
1215 112 34 36
626 
0 
1217 112 32 37
627 
0 
1219 112 31 36
628 
0 
1220 112 31 36
629 
0 
1220 111 32 37
630 
0 
1221 112 32 37
631 
0 
1221 114 31 37
632 
0 
1222 114 30 37
633 
0 
1222 115 31 36
634 
0 
1222 117 31 34
635 
0 
1223 117 30 36
636 
0 
1225 118 30 36
637 
0 
1225 119 31 35
638 
0 
1226 119 30 35
639 
0 
1226 119 30 35
640 
0 
1227 119 30 35
641 
0 
1227 119 29 35
642 
0 
1227 119 29 35
643 
0 
1227 119 29 35
644 
0 
1226 119 30 35
645 
0 
1227 122 24 37
646 
0 
1228 127 24 34
647 
0 
1229 132 25 32
648 
0 
1231 134 27 34
649 
0 
1232 134 27 35
650 
0 
1235 135 26 33
651 
0 
1238 134 31 32
652 
0 
1240 135 30 29
653 
0 
1243 133 30 30
654 
0 
1254 131 25 41
655 
0 
1258 130 26 32
656 
0 
1265 131 29 30
657 
0 
1273 129 25 31
658 
0 
1287 128 22 40
659 
0 
1290 130 27 28
660 
0 
1293 126 25 30
661 
0 
1293 116 32 37
662 
0 
1295 117 32 37
663 
0 
1298 117 30 36
664 
0 
1298 118 29 35
665 
0 
1292 118 31 34
666 
0 
1286 115 32 36
667 
0 
1276 117 28 36
668 
0 
1271 117 28 36
669 
0 
1264 118 30 34
670 
0 
1261 117 31 34
671 
0 
1255 118 29 34
672 
0 
1251 116 29 35
673 
0 
1246 113 30 35
674 
0 
1241 112 33 34
675 
0 
1240 111 32 33
676 
0 
1239 110 32 34
677 
0 
1238 110 33 33
678 
0 
1237 110 33 33
679 
0 
1238 110 30 33
680 
0 
1237 112 31 33
681 
0 
1236 113 27 35
682 
0 
1235 116 29 36
683 
0 
1234 118 29 36
684 
0 
1236 122 26 37
685 
0 
1236 124 25 36
686 
0 
1238 124 29 35
687 
0 
1238 127 31 33
688 
0 
1244 124 29 36
689 
0 
1257 123 27 36
690 
0 
1266 123 28 34
691 
0 
1271 119 31 35
692 
0 
1276 116 29 35
693 
0 
1275 110 30 35
694 
0 
1277 100 26 37
695 
0 
1277 97 31 34
696 
0 
1278 95 29 36
697 
0 
1274 94 29 37
698 
0 
1265 95 30 36
699 
0 
1249 96 31 36
700 
0 
1226 100 29 39
701 
0 
1197 108 30 36
702 
0 
1174 114 30 35
703 
0 
1158 118 30 35
704 
0 
1144 119 30 33
705 
0 
1140 119 27 35
706 
0 
1134 122 25 35
707 
0 
1131 119 29 35
708 
0 
1128 119 28 34
709 
0 
1124 117 30 34
710 
0 
1121 118 30 33
711 
0 
1118 119 31 32
712 
0 
1115 118 28 35
713 
0 
1111 120 29 33
714 
0 
1106 120 30 34
715 
0 
1102 122 26 36
716 
0 
1097 129 28 33
717 
0 
1094 137 30 34
718 
0 
1090 150 26 37
719 
0 
1084 162 28 38
720 
0 
1077 177 31 33
721 
0 
1075 183 29 34
722 
0 
1073 188 27 32
723 
0 
1073 188 23 38
724 
0 
1067 188 26 38
725 
0 
1065 189 26 38
726 
0 
1062 190 26 36
727 
0 
1060 190 28 37
728 
0 
1062 189 26 38
729 
0 
1067 188 26 38
730 
0 
1073 192 27 34
731 
0 
1076 191 29 37
732 
0 
1083 190 27 38
733 
0 
1086 193 28 36
734 
0 
1091 194 26 37
735 
0 
1093 199 26 33
736 
0 
1094 200 29 33
737 
0 
1095 201 31 34
738 
0 
1097 202 31 34
739 
0 
1100 202 31 36
740 
0 
1104 202 31 36
741 
0 
1109 205 29 34
742 
0 
1114 205 29 36
743 
0 
1118 206 31 34
744 
0 
1121 206 29 35
745 
0 
1123 207 30 34
746 
0 
1127 208 29 35
747 
0 
1131 209 30 34
748 
0 
1134 210 29 33
749 
0 
1138 209 27 34
750 
0 
1139 209 27 34
751 
0 
1142 209 30 33
752 
0 
1143 210 30 32
753 
0 
1144 210 30 32
754 
0 
1146 209 29 33
755 
0 
1147 209 30 34
756 
0 
1147 209 29 34
757 
0 
1147 210 30 34
758 
0 
1147 210 30 33
759 
0 
1149 212 26 35
760 
0 
1148 212 27 35
761 
0 
1148 213 27 35
762 
0 
1147 216 29 34
763 
0 
1147 216 29 34
764 
0 
1147 217 29 35
765 
0 
1147 218 29 34
766 
0 
1147 220 30 33
767 
0 
1148 220 29 34
768 
0 
1148 221 30 33
769 
0 
1148 220 30 33
770 
0 
1147 220 29 32
771 
0 
1147 218 28 32
772 
0 
1149 214 25 33
773 
0 
1148 210 29 32
774 
0 
1148 209 30 33
775 
0 
1149 207 30 34
776 
0 
1152 205 29 34
777 
0 
1153 203 30 32
778 
0 
1161 196 27 37
779 
0 
1168 193 27 33
780 
0 
1173 183 28 36
781 
0 
1189 179 25 33
782 
0 
1192 177 30 31
783 
0 
1199 171 28 36
784 
0 
1202 169 27 37
785 
0 
1204 168 25 36
786 
0 
1203 167 25 36
787 
0 
1203 165 29 34
788 
0 
1205 164 30 34
789 
0 
1205 166 32 30
790 
0 
1208 164 32 34
791 
0 
1209 164 30 34
792 
0 
1209 164 30 35
793 
0 
1208 166 29 32
794 
0 
1207 168 26 37
795 
0 
1202 174 30 36
796 
0 
1199 179 29 34
797 
0 
1199 181 29 35
798 
0 
1201 180 29 37
799 
0 
1204 179 30 35
800 
0 
1209 177 28 37
801 
0 
1215 174 25 35
802 
0 
1217 165 29 33
803 
0 
1220 159 30 34
804 
0 
1222 155 28 35
805 
0 
1222 156 28 35
806 
0 
1221 156 30 35
807 
0 
1222 158 29 32
808 
0 
1220 157 29 33
809 
0 
1217 159 29 33
810 
0 
1214 157 29 34
811 
0 
1204 154 28 38
812 
0 
1194 154 30 37
813 
0 
1185 146 31 43
814 
0 
1185 149 28 41
815 
0 
1180 142 28 46
816 
0 
1174 145 28 39
817 
0 
1169 146 27 36
818 
0 
1162 142 26 40
819 
0 
1154 142 25 40
820 
0 
1148 144 27 39
821 
0 
1146 145 26 36
822 
0 
1144 144 25 37
823 
0 
1139 143 27 37
824 
0 
1139 141 28 36
825 
0 
1139 140 27 36
826 
0 
1138 139 27 35
827 
0 
1138 139 27 35
828 
0 
1139 140 27 37
829 
0 
1136 151 28 42
830 
0 
1135 179 30 43
831 
0 
1136 197 34 46
832 
0 
1143 202 33 37
833 
0 
1147 199 29 41
834 
0 
1150 198 32 41
835 
0 
1172 203 32 35
836 
0 
1212 184 27 37
837 
0 
1244 160 28 39
838 
0 
1264 145 27 37
839 
0 
1279 123 28 38
840 
0 
1290 106 29 36
841 
0 
1297 89 29 37
842 
0 
1302 79 28 37
843 
0 
1304 73 30 37
844 
0 
1306 72 29 38
845 
0 
1299 66 35 39
846 
0 
1295 60 29 41
847 
0 
1289 56 30 42
848 
0 
1278 52 31 46
849 
0 
1271 43 35 45
850 
0 
1266 43 33 42
851 
0 
1259 41 37 39
852 
0 
1248 40 41 44
853 
0 
1248 51 30 36
854 
0 
1241 55 34 42
855 
0 
1231 74 27 35
856 
0 
1217 80 30 39
857 
0 
1208 101 29 35
858 
0 
1203 107 25 43
859 
0 
1196 124 31 41
860 
0 
1198 133 25 38
861 
0 
1199 140 26 48
862 
0 
1197 147 28 43
863 
0 
1199 150 27 42
864 
0 
1202 151 24 43
865 
0 
1203 154 25 42
866 
0 
1204 154 28 44
867 
0 
1208 156 30 42
868 
0 
1218 157 29 38
869 
0 
1222 158 30 39
870 
0 
1227 160 28 38
871 
0 
1230 160 29 39
872 
0 
1232 166 29 39
873 
0 
1233 165 31 42
874 
0 
1232 165 34 41
875 
0 
1239 166 30 40
876 
0 
1240 165 29 41
877 
0 
1240 166 30 41
878 
0 
1242 168 28 41
879 
0 
1242 169 30 42
880 
0 
1244 169 28 44
881 
0 
1244 169 28 44
882 
0 
1244 170 30 43
883 
0 
1245 171 30 43
884 
0 
1248 174 28 41
885 
0 
1250 175 27 42
886 
0 
1250 174 29 44
887 
0 
1251 175 28 43
888 
0 
1250 175 30 42
889 
0 
1253 176 30 42
890 
0 
1254 175 30 39
891 
0 
1255 173 27 42
892 
0 
1254 171 30 43
893 
0 
1255 169 31 41
894 
0 
1255 166 33 40
895 
0 
1261 164 26 35
896 
0 
1264 153 28 39
897 
0 
1267 149 24 42
898 
0 
1263 151 30 34
899 
0 
1266 145 26 35
900 
0 
1271 132 22 37
901 
0 
1271 126 23 40
902 
0 
1271 122 24 42
903 
0 
1273 114 25 37
904 
0 
1275 105 23 43
905 
0 
1274 99 26 44
906 
0 
1276 99 25 37
907 
0 
1277 97 27 35
908 
0 
1280 86 23 41
909 
0 
1278 85 28 40
910 
0 
1279 85 28 39
911 
0 
1282 83 25 40
912 
0 
1281 82 29 39
913 
0 
1280 82 33 40
914 
0 
1288 82 27 37
915 
0 
1288 83 29 37
916 
0 
1290 82 28 39
917 
0 
1292 83 25 40
918 
0 
1294 85 24 38
919 
0 
1295 87 24 39
920 
0 
1291 98 28 33
921 
0 
1290 101 27 36
922 
0 
1290 105 29 36
923 
0 
1292 110 30 34
924 
0 
1292 115 30 33
925 
0 
1294 118 29 33
926 
0 
1295 119 28 34
927 
0 
1295 119 28 34
928 
0 
1297 120 27 33
929 
0 
1296 122 26 34
930 
0 
1293 124 28 34
931 
0 
1295 125 27 34
932 
0 
1294 125 28 35
933 
0 
1293 126 30 35
934 
0 
1293 126 29 34
935 
0 
1294 127 29 35
936 
0 
1293 128 31 34
937 
0 
1293 130 31 33
938 
0 
1293 131 30 33
939 
0 
1294 132 30 32
940 
0 
1293 134 31 31
941 
0 
1294 134 30 32
942 
0 
1295 136 29 31
943 
0 
1297 138 30 32
944 
0 
1298 140 27 31
945 
0 
1295 140 28 34
946 
0 
1293 141 28 32
947 
0 
1290 142 28 33
948 
0 
1290 142 28 32
949 
0 
1288 143 29 31
950 
0 
1287 144 28 30
951 
0 
1284 143 26 32
952 
0 
1284 145 26 36
953 
0 
1283 145 27 38
954 
0 
1280 146 27 37
955 
0 
1278 148 28 37
956 
0 
1276 149 28 35
957 
0 
1273 151 30 34
958 
0 
1271 153 32 34
959 
0 
1269 154 32 33
960 
0 
1270 154 30 34
961 
0 
1269 155 29 33
962 
0 
1268 156 30 31
963 
0 
1266 155 31 32
964 
0 
1266 157 29 32
965 
0 
1266 157 28 33
966 
0 
1266 156 28 34
967 
0 
1266 156 28 35
968 
0 
1265 158 28 33
969 
0 
1264 156 29 34
970 
0 
1263 156 30 34
971 
0 
1263 154 30 33
972 
0 
1263 152 29 32
973 
0 
1264 149 27 33
974 
0 
1265 147 26 33
975 
0 
1266 144 27 31
976 
0 
1265 143 29 31
977 
0 
1266 140 29 33
978 
0 
1268 139 29 33
979 
0 
1270 139 28 33
980 
0 
1272 136 27 35
981 
0 
1272 137 29 34
982 
0 
1271 135 29 34
983 
0 
1271 133 30 34
984 
0 
1270 132 31 35
985 
0 
1270 129 31 36
986 
0 
1272 124 29 37
987 
0 
1275 122 27 36
988 
0 
1276 122 27 35
989 
0 
1274 119 30 34
990 
0 
1274 119 30 33
991 
0 
1273 119 29 34
992 
0 
1271 119 30 33
993 
0 
1270 117 28 34
994 
0 
1269 116 29 32
995 
0 
1267 115 32 32
996 
0 
1270 114 30 33
997 
0 
1270 115 30 33
998 
0 
1271 114 31 33
999 
0 
1272 114 30 33
1000 
0 
1274 113 30 33
1001 
0 
1272 112 31 34
1002 
0 
1275 111 30 33
1003 
0 
1274 109 30 34
1004 
0 
1273 109 31 34
1005 
0 
1276 108 30 34
1006 
0 
1274 106 30 36
1007 
0 
1275 104 28 36
1008 
0 
1275 103 27 37
1009 
0 
1276 102 27 37
1010 
0 
1278 100 27 37
1011 
0 
1280 99 26 37
1012 
0 
1283 99 27 37
1013 
0 
1290 98 29 32
1014 
0 
1294 96 29 34
1015 
0 
1300 96 30 35
1016 
0 
1301 97 30 33
1017 
0 
1302 96 30 33
1018 
0 
1304 95 29 32
1019 
0 
1304 93 30 34
1020 
0 
1307 92 29 35
1021 
0 
1310 93 29 32
1022 
0 
1311 93 29 32
1023 
0 
1311 92 31 32
1024 
0 
1312 92 31 31
1025 
0 
1312 92 32 31
1026 
0 
1313 93 31 31
1027 
0 
1314 92 30 32
1028 
0 
1315 92 32 32
1029 
0 
1316 94 31 31
1030 
0 
1317 94 30 33
1031 
0 
1319 97 30 32
1032 
0 
1321 97 29 33
1033 
0 
1322 98 30 33
1034 
0 
1324 100 27 37
1035 
0 
1324 102 28 36
1036 
0 
1325 106 28 35
1037 
0 
1326 108 29 35
1038 
0 
1328 110 28 35
1039 
0 
1328 113 28 33
1040 
0 
1325 116 29 32
1041 
0 
1324 118 29 32
1042 
0 
1323 119 31 34
1043 
0 
1321 120 32 34
1044 
0 
1321 121 31 32
1045 
0 
1323 121 27 38
1046 
0 
1323 122 28 38
1047 
0 
1324 122 27 37
1048 
0 
1324 123 27 37
1049 
0 
1324 124 28 36
1050 
0 
1324 124 29 39
1051 
0 
1325 127 27 35
1052 
0 
1328 127 27 35
1053 
0 
1329 127 26 36
1054 
0 
1327 129 28 37
1055 
0 
1329 130 27 36
1056 
0 
1330 131 26 35
1057 
0 
1329 132 27 35
1058 
0 
1331 132 25 37
1059 
0 
1331 133 26 36
1060 
0 
1331 133 26 35
1061 
0 
1333 135 24 33
1062 
0 
1333 135 25 33
1063 
0 
1335 134 26 33
1064 
0 
1335 135 28 34
1065 
0 
1335 134 28 35
1066 
0 
1336 135 27 35
1067 
0 
1337 134 29 36
1068 
0 
1338 134 29 35
1069 
0 
1341 135 29 35
1070 
0 
1342 136 28 35
1071 
0 
1342 136 28 35
1072 
0 
1343 136 28 34
1073 
0 
1343 135 29 36
1074 
0 
1344 135 28 37
1075 
0 
1345 137 28 36
1076 
0 
1347 138 27 37
1077 
0 
1349 138 27 37
1078 
0 
1350 139 27 36
1079 
0 
1349 139 28 38
1080 
0 
1350 139 28 37
1081 
0 
1351 139 28 38
1082 
0 
1351 139 29 38
1083 
0 
1351 141 28 36
1084 
0 
1351 140 30 37
1085 
0 
1353 142 26 41
1086 
0 
1354 143 24 39
1087 
0 
1354 144 25 39
1088 
0 
1355 147 26 37
1089 
0 
1354 148 26 36
1090 
0 
1354 149 26 37
1091 
0 
1354 151 26 37
1092 
0 
1354 152 27 37
1093 
0 
1354 153 27 36
1094 
0 
1354 154 27 35
1095 
0 
1355 155 28 36
1096 
0 
1358 158 29 35
1097 
0 
1357 159 26 36
1098 
0 
1358 161 29 35
1099 
0 
1356 160 26 36
1100 
0 
1356 162 27 36
1101 
0 
1356 163 27 35
1102 
0 
1360 165 25 41
1103 
0 
1360 166 25 41
1104 
0 
1356 168 26 38
1105 
0 
1355 166 26 42
1106 
0 
1355 167 26 40
1107 
0 
1356 169 25 39
1108 
0 
1354 169 26 41
1109 
0 
1355 171 25 40
1110 
0 
1354 172 26 40
1111 
0 
1353 173 27 40
1112 
0 
1352 173 28 41
1113 
0 
1352 175 28 39
1114 
0 
1351 176 28 39
1115 
0 
1350 177 29 39
1116 
0 
1350 180 28 39
1117 
0 
1351 181 28 40
1118 
0 
1350 183 27 39
1119 
0 
1350 184 29 38
1120 
0 
1350 184 28 39
1121 
0 
1352 186 25 43
1122 
0 
1351 187 26 43
1123 
0 
1352 189 25 44
1124 
0 
1353 191 25 44
1125 
0 
1353 195 25 41
1126 
0 
1353 197 23 38
1127 
0 
1352 197 24 39
1128 
0 
1350 196 26 42
1129 
0 
1349 196 27 43
1130 
0 
1349 198 25 42
1131 
0 
1348 200 24 40
1132 
0 
1347 203 26 37
1133 
0 
1345 206 26 37
1134 
0 
1345 207 26 37
1135 
0 
1346 211 21 40
1136 
0 
1344 214 20 38
1137 
0 
1346 215 21 44
1138 
0 
1343 217 21 37
1139 
0 
1341 218 23 36
1140 
0 
1344 217 22 44
1141 
0 
1340 218 25 36
1142 
0 
1342 219 22 45
1143 
0 
1341 220 22 44
1144 
0 
1341 221 22 44
1145 
0 
1340 224 22 42
1146 
0 
1338 224 22 43
1147 
0 
1338 224 22 45
1148 
0 
1336 226 20 43
1149 
0 
1339 225 20 42
1150 
0 
1334 232 22 46
1151 
0 
1333 232 24 45
1152 
0 
1332 232 24 47
1153 
0 
1332 234 23 47
1154 
0 
1331 234 23 48
1155 
0 
1332 234 22 48
1156 
0 
1331 236 22 48
1157 
0 
1329 237 23 49
1158 
0 
1330 237 24 49
1159 
0 
1330 239 23 48
1160 
0 
1331 239 23 48
1161 
0 
1331 239 23 49
1162 
0 
1332 241 22 47
1163 
0 
1332 241 21 47
1164 
0 
1332 242 22 47
1165 
0 
1332 243 21 45
1166 
0 
1330 243 22 46
1167 
0 
1329 242 22 47
1168 
0 
1328 242 24 48
1169 
0 
1329 240 23 48
1170 
0 
1329 241 23 48
1171 
0 
1330 240 22 48
1172 
0 
1330 240 23 47
1173 
0 
1330 239 22 48
1174 
0 
1331 238 21 49
1175 
0 
1330 239 23 49
1176 
0 
1330 239 21 48
1177 
0 
1331 238 20 48
1178 
0 
1331 239 20 47
1179 
-1 
0 0 0 0
1180 
-1 
0 0 0 0
1181 
-1 
0 0 0 0
1182 
-1 
0 0 0 0
1183 
-1 
0 0 0 0
1184 
-1 
0 0 0 0
1185 
-1 
0 0 0 0
1186 
-1 
0 0 0 0
1187 
-1 
0 0 0 0
1188 
-1 
0 0 0 0
1189 
-1 
0 0 0 0
1190 
-1 
0 0 0 0
1191 
-1 
0 0 0 0
1192 
-1 
0 0 0 0
1193 
-1 
0 0 0 0
1194 
-1 
0 0 0 0
1195 
-1 
0 0 0 0
1196 
-1 
0 0 0 0
1197 
-1 
0 0 0 0
1198 
-1 
0 0 0 0
1199 
-1 
0 0 0 0
1200 
-1 
0 0 0 0
1201 
-1 
0 0 0 0
1202 
-1 
0 0 0 0
1203 
-1 
0 0 0 0
1204 
-1 
0 0 0 0
1205 
-1 
0 0 0 0
1206 
-1 
0 0 0 0
1207 
-1 
0 0 0 0
1208 
-1 
0 0 0 0
1209 
-1 
0 0 0 0
1210 
-1 
0 0 0 0
1211 
-1 
0 0 0 0
1212 
-1 
0 0 0 0
1213 
-1 
0 0 0 0
1214 
-1 
0 0 0 0
1215 
-1 
0 0 0 0
1216 
-1 
0 0 0 0
1217 
-1 
0 0 0 0
1218 
-1 
0 0 0 0
1219 
-1 
0 0 0 0
1220 
-1 
0 0 0 0
1221 
-1 
0 0 0 0
1222 
-1 
0 0 0 0
