1 
0 
1234 456 28 48
2 
0 
1234 456 28 48
3 
0 
1226 457 30 50
4 
0 
1224 469 28 40
5 
0 
1215 468 33 48
6 
0 
1214 472 30 46
7 
0 
1209 476 32 48
8 
0 
1203 476 35 48
9 
0 
1198 480 33 45
10 
0 
1194 487 33 39
11 
0 
1190 490 35 39
12 
0 
1189 489 32 45
13 
0 
1185 494 31 43
14 
0 
1178 492 35 43
15 
0 
1176 493 34 43
16 
0 
1175 492 34 43
17 
0 
1174 491 39 43
18 
0 
1176 489 36 45
19 
0 
1176 490 37 44
20 
0 
1175 490 37 44
21 
0 
1174 490 36 45
22 
0 
1175 494 31 40
23 
0 
1174 496 30 38
24 
0 
1171 505 35 43
25 
0 
1170 507 36 45
26 
0 
1166 508 38 45
27 
0 
1166 515 35 38
28 
0 
1166 519 35 36
29 
0 
1168 520 33 38
30 
0 
1164 525 37 44
31 
0 
1163 524 39 45
32 
0 
1163 525 38 44
33 
0 
1163 525 38 45
34 
0 
1163 526 38 45
35 
0 
1162 528 40 43
36 
0 
1163 529 38 45
37 
0 
1163 533 39 43
38 
0 
1164 534 37 46
39 
0 
1169 539 30 39
40 
0 
1170 542 33 40
41 
0 
1171 549 31 43
42 
0 
1170 553 36 39
43 
0 
1174 554 31 44
44 
0 
1174 557 35 39
45 
0 
1175 561 38 39
46 
0 
1177 563 35 39
47 
0 
1184 569 27 44
48 
0 
1187 569 26 46
49 
0 
1188 576 27 43
50 
0 
1192 577 26 45
51 
0 
1192 579 28 42
52 
0 
1198 581 25 40
53 
-1 
0 0 0 0
54 
-1 
0 0 0 0
55 
-1 
0 0 0 0
56 
-1 
0 0 0 0
57 
-1 
0 0 0 0
58 
-1 
0 0 0 0
59 
-1 
0 0 0 0
60 
-1 
0 0 0 0
61 
-1 
0 0 0 0
62 
-1 
0 0 0 0
63 
-1 
0 0 0 0
64 
-1 
0 0 0 0
65 
-1 
0 0 0 0
66 
-1 
0 0 0 0
67 
-1 
0 0 0 0
68 
-1 
0 0 0 0
69 
-1 
0 0 0 0
70 
-1 
0 0 0 0
71 
-1 
0 0 0 0
72 
-1 
0 0 0 0
73 
-1 
0 0 0 0
74 
-1 
0 0 0 0
75 
-1 
0 0 0 0
76 
-1 
0 0 0 0
77 
-1 
0 0 0 0
78 
-1 
0 0 0 0
79 
-1 
0 0 0 0
80 
-1 
0 0 0 0
81 
-1 
0 0 0 0
82 
-1 
0 0 0 0
83 
-1 
0 0 0 0
84 
-1 
0 0 0 0
85 
-1 
0 0 0 0
86 
-1 
0 0 0 0
87 
-1 
0 0 0 0
88 
-1 
0 0 0 0
89 
-1 
0 0 0 0
90 
-1 
0 0 0 0
91 
-1 
0 0 0 0
92 
-1 
0 0 0 0
93 
-1 
0 0 0 0
94 
-1 
0 0 0 0
95 
-1 
0 0 0 0
96 
-1 
0 0 0 0
97 
-1 
0 0 0 0
98 
-1 
0 0 0 0
99 
-1 
0 0 0 0
100 
-1 
0 0 0 0
101 
-1 
0 0 0 0
102 
-1 
0 0 0 0
103 
-1 
0 0 0 0
104 
-1 
0 0 0 0
105 
-1 
0 0 0 0
106 
-1 
0 0 0 0
107 
-1 
0 0 0 0
108 
-1 
0 0 0 0
109 
-1 
0 0 0 0
110 
-1 
0 0 0 0
111 
-1 
0 0 0 0
112 
-1 
0 0 0 0
113 
-1 
0 0 0 0
114 
-1 
0 0 0 0
115 
-1 
0 0 0 0
116 
-1 
0 0 0 0
117 
-1 
0 0 0 0
118 
-1 
0 0 0 0
119 
-1 
0 0 0 0
120 
-1 
0 0 0 0
121 
-1 
0 0 0 0
122 
-1 
0 0 0 0
123 
-1 
0 0 0 0
124 
-1 
0 0 0 0
125 
-1 
0 0 0 0
126 
-1 
0 0 0 0
127 
-1 
0 0 0 0
128 
-1 
0 0 0 0
129 
-1 
0 0 0 0
130 
-1 
0 0 0 0
131 
-1 
0 0 0 0
132 
-1 
0 0 0 0
133 
-1 
0 0 0 0
134 
-1 
0 0 0 0
135 
-1 
0 0 0 0
136 
-1 
0 0 0 0
137 
-1 
0 0 0 0
138 
-1 
0 0 0 0
139 
-1 
0 0 0 0
140 
-1 
0 0 0 0
141 
-1 
0 0 0 0
142 
-1 
0 0 0 0
143 
-1 
0 0 0 0
144 
-1 
0 0 0 0
145 
-1 
0 0 0 0
146 
-1 
0 0 0 0
147 
-1 
0 0 0 0
148 
-1 
0 0 0 0
149 
-1 
0 0 0 0
150 
-1 
0 0 0 0
151 
-1 
0 0 0 0
152 
-1 
0 0 0 0
153 
-1 
0 0 0 0
154 
-1 
0 0 0 0
155 
-1 
0 0 0 0
156 
-1 
0 0 0 0
157 
-1 
0 0 0 0
158 
-1 
0 0 0 0
159 
-1 
0 0 0 0
160 
-1 
0 0 0 0
161 
-1 
0 0 0 0
162 
-1 
0 0 0 0
163 
-1 
0 0 0 0
164 
-1 
0 0 0 0
165 
-1 
0 0 0 0
166 
-1 
0 0 0 0
167 
-1 
0 0 0 0
168 
-1 
0 0 0 0
169 
-1 
0 0 0 0
170 
-1 
0 0 0 0
171 
-1 
0 0 0 0
172 
-1 
0 0 0 0
173 
-1 
0 0 0 0
174 
-1 
0 0 0 0
175 
-1 
0 0 0 0
176 
-1 
0 0 0 0
177 
-1 
0 0 0 0
178 
-1 
0 0 0 0
179 
-1 
0 0 0 0
180 
-1 
0 0 0 0
181 
-1 
0 0 0 0
182 
-1 
0 0 0 0
183 
-1 
0 0 0 0
184 
-1 
0 0 0 0
185 
-1 
0 0 0 0
186 
-1 
0 0 0 0
187 
-1 
0 0 0 0
188 
-1 
0 0 0 0
189 
-1 
0 0 0 0
190 
-1 
0 0 0 0
191 
-1 
0 0 0 0
192 
-1 
0 0 0 0
193 
-1 
0 0 0 0
194 
-1 
0 0 0 0
195 
-1 
0 0 0 0
196 
-1 
0 0 0 0
197 
-1 
0 0 0 0
198 
-1 
0 0 0 0
199 
-1 
0 0 0 0
200 
-1 
0 0 0 0
201 
-1 
0 0 0 0
202 
-1 
0 0 0 0
203 
-1 
0 0 0 0
204 
-1 
0 0 0 0
205 
-1 
0 0 0 0
206 
-1 
0 0 0 0
207 
-1 
0 0 0 0
208 
-1 
0 0 0 0
209 
-1 
0 0 0 0
210 
-1 
0 0 0 0
211 
-1 
0 0 0 0
212 
-1 
0 0 0 0
213 
-1 
0 0 0 0
214 
-1 
0 0 0 0
215 
-1 
0 0 0 0
216 
-1 
0 0 0 0
217 
-1 
0 0 0 0
218 
-1 
0 0 0 0
219 
-1 
0 0 0 0
220 
-1 
0 0 0 0
221 
-1 
0 0 0 0
222 
-1 
0 0 0 0
223 
-1 
0 0 0 0
224 
-1 
0 0 0 0
225 
-1 
0 0 0 0
226 
-1 
0 0 0 0
227 
-1 
0 0 0 0
228 
-1 
0 0 0 0
229 
-1 
0 0 0 0
230 
-1 
0 0 0 0
231 
-1 
0 0 0 0
232 
-1 
0 0 0 0
233 
-1 
0 0 0 0
234 
-1 
0 0 0 0
235 
-1 
0 0 0 0
236 
-1 
0 0 0 0
237 
-1 
0 0 0 0
238 
-1 
0 0 0 0
239 
-1 
0 0 0 0
240 
-1 
0 0 0 0
241 
-1 
0 0 0 0
242 
-1 
0 0 0 0
243 
-1 
0 0 0 0
244 
-1 
0 0 0 0
245 
-1 
0 0 0 0
246 
-1 
0 0 0 0
247 
-1 
0 0 0 0
248 
-1 
0 0 0 0
249 
-1 
0 0 0 0
250 
-1 
0 0 0 0
251 
-1 
0 0 0 0
252 
-1 
0 0 0 0
253 
-1 
0 0 0 0
254 
-1 
0 0 0 0
255 
-1 
0 0 0 0
256 
-1 
0 0 0 0
257 
-1 
0 0 0 0
258 
-1 
0 0 0 0
259 
-1 
0 0 0 0
260 
-1 
0 0 0 0
261 
-1 
0 0 0 0
262 
-1 
0 0 0 0
263 
-1 
0 0 0 0
264 
-1 
0 0 0 0
265 
-1 
0 0 0 0
266 
-1 
0 0 0 0
267 
-1 
0 0 0 0
268 
-1 
0 0 0 0
269 
-1 
0 0 0 0
270 
-1 
0 0 0 0
271 
-1 
0 0 0 0
272 
-1 
0 0 0 0
273 
-1 
0 0 0 0
274 
-1 
0 0 0 0
275 
-1 
0 0 0 0
276 
-1 
0 0 0 0
277 
-1 
0 0 0 0
278 
-1 
0 0 0 0
279 
-1 
0 0 0 0
280 
-1 
0 0 0 0
281 
-1 
0 0 0 0
282 
-1 
0 0 0 0
283 
-1 
0 0 0 0
284 
-1 
0 0 0 0
285 
-1 
0 0 0 0
286 
-1 
0 0 0 0
