1 
0 
982 401 36 47
2 
0 
982 401 36 47
3 
0 
979 401 36 48
4 
0 
979 402 35 48
5 
0 
976 404 33 48
6 
0 
973 405 35 47
7 
0 
976 411 29 41
8 
0 
974 411 31 43
9 
0 
971 412 36 44
10 
0 
973 414 33 44
11 
0 
973 415 32 44
12 
0 
972 414 33 45
13 
0 
969 413 34 48
14 
0 
969 415 32 47
15 
0 
968 415 32 46
16 
0 
968 415 33 46
17 
0 
967 417 35 45
18 
0 
965 418 37 45
19 
0 
963 413 32 48
20 
0 
961 416 32 45
21 
0 
957 419 34 45
22 
0 
955 424 35 42
23 
0 
956 427 31 40
24 
0 
956 434 33 45
25 
0 
949 433 36 45
26 
0 
947 434 38 47
27 
0 
948 442 35 41
28 
0 
946 444 30 44
29 
0 
947 448 35 43
30 
0 
946 448 28 47
31 
0 
944 455 31 47
32 
0 
942 459 32 43
33 
0 
942 463 30 43
34 
0 
942 465 30 45
35 
0 
942 468 29 48
36 
0 
941 471 28 46
37 
0 
941 471 27 46
38 
0 
939 476 30 47
39 
0 
939 480 28 42
40 
0 
937 479 34 46
41 
0 
939 481 31 43
42 
0 
937 482 34 44
43 
0 
937 485 33 41
44 
0 
938 486 32 41
45 
0 
939 487 31 39
46 
0 
937 485 33 46
47 
0 
938 486 33 47
48 
0 
936 487 34 47
49 
0 
937 488 34 50
50 
0 
938 489 32 49
51 
0 
937 491 34 48
52 
0 
940 492 30 47
53 
0 
938 494 29 46
54 
0 
939 493 28 47
55 
0 
937 499 29 48
56 
0 
937 499 29 48
57 
0 
935 499 33 49
58 
0 
937 499 34 49
59 
0 
937 499 34 49
60 
0 
938 500 34 49
61 
0 
938 501 34 49
62 
0 
939 502 34 48
63 
0 
940 502 34 49
64 
0 
939 501 36 50
65 
0 
941 503 34 47
66 
0 
940 502 36 48
67 
0 
941 504 34 46
68 
0 
943 504 32 45
69 
0 
943 505 32 44
70 
0 
942 503 35 47
71 
0 
944 507 30 41
72 
0 
944 506 31 43
73 
0 
946 507 29 41
74 
0 
946 507 29 43
75 
0 
945 507 30 43
76 
0 
946 507 28 42
77 
0 
949 505 32 44
78 
0 
947 508 27 41
79 
0 
949 505 34 43
80 
0 
948 505 35 43
81 
0 
948 504 35 44
82 
0 
948 504 34 44
83 
0 
949 504 33 43
84 
0 
948 504 35 43
85 
0 
949 504 33 43
86 
0 
949 504 32 43
87 
0 
950 504 30 44
88 
0 
946 505 29 42
89 
0 
949 503 31 44
90 
0 
946 505 30 43
91 
0 
946 506 29 41
92 
0 
946 505 30 44
93 
0 
945 504 31 45
94 
0 
945 502 31 48
95 
0 
945 501 30 47
96 
0 
943 501 30 47
97 
0 
943 500 30 48
98 
0 
940 500 32 49
99 
0 
940 499 30 49
100 
0 
938 497 30 50
101 
0 
937 499 28 47
102 
0 
935 499 32 40
103 
0 
934 500 30 44
104 
0 
931 501 32 43
