1 
0 
940 467 40 48
2 
0 
940 467 40 48
3 
0 
939 463 42 49
4 
0 
938 461 41 49
5 
0 
938 457 40 52
6 
0 
937 455 39 47
7 
0 
936 451 41 55
8 
0 
935 450 41 49
9 
0 
936 448 41 49
10 
0 
935 449 41 49
11 
0 
933 449 44 50
12 
0 
933 450 36 47
13 
0 
930 449 42 49
14 
0 
931 449 37 50
15 
0 
930 447 38 52
16 
0 
924 449 40 47
17 
0 
924 450 37 45
18 
0 
918 446 39 52
19 
0 
916 445 41 50
20 
0 
915 443 40 50
21 
0 
913 443 41 47
22 
0 
910 443 42 45
23 
0 
908 441 43 44
24 
0 
905 441 41 45
25 
0 
901 442 41 42
26 
0 
899 444 44 39
27 
0 
899 440 42 44
28 
0 
897 440 42 41
29 
0 
898 435 39 47
30 
0 
897 435 39 47
31 
0 
897 434 38 46
32 
0 
894 432 35 46
33 
0 
890 425 39 52
34 
0 
892 423 38 53
35 
0 
887 423 40 51
36 
0 
888 421 38 53
37 
0 
882 420 42 55
38 
0 
880 423 41 47
39 
0 
876 421 41 50
40 
0 
875 423 40 44
41 
0 
872 418 42 47
42 
0 
870 414 39 56
43 
0 
869 412 38 54
44 
0 
865 408 39 54
45 
0 
858 409 39 49
46 
0 
856 405 34 55
47 
0 
852 402 37 53
48 
0 
848 401 41 49
49 
0 
847 398 37 53
50 
0 
841 398 41 51
51 
0 
836 397 40 48
52 
0 
831 394 40 49
53 
0 
825 393 44 45
54 
0 
825 390 39 45
55 
0 
821 387 38 54
56 
0 
816 390 39 44
57 
0 
808 390 44 45
58 
0 
805 389 38 47
59 
0 
804 388 38 44
60 
0 
804 387 34 45
61 
0 
798 381 37 47
62 
0 
795 377 41 50
63 
0 
792 378 39 44
64 
0 
785 377 43 41
65 
0 
781 372 43 45
66 
0 
779 372 43 41
67 
0 
780 370 41 39
68 
0 
781 360 36 39
69 
0 
779 358 39 39
70 
0 
773 351 36 47
71 
0 
769 354 40 43
72 
0 
765 354 41 45
73 
0 
765 357 39 41
74 
0 
762 356 39 47
75 
0 
761 358 38 44
76 
0 
758 358 39 41
77 
0 
757 357 37 40
78 
0 
755 360 42 35
79 
0 
755 354 39 42
80 
0 
756 355 34 38
81 
0 
749 348 36 45
82 
0 
749 351 35 37
83 
0 
754 352 30 41
84 
0 
745 350 35 35
85 
0 
743 349 32 39
86 
0 
746 354 32 40
87 
0 
743 350 30 38
88 
0 
741 347 34 39
89 
0 
738 346 40 40
90 
0 
735 339 43 41
91 
0 
738 333 38 45
92 
0 
735 331 42 45
93 
0 
734 332 44 39
94 
0 
733 329 42 39
95 
0 
733 321 42 45
96 
0 
737 321 37 43
97 
0 
738 315 38 48
98 
0 
737 314 39 49
99 
0 
742 312 37 52
100 
0 
744 312 37 47
101 
0 
746 311 38 52
102 
0 
748 311 38 52
103 
0 
751 310 32 48
104 
0 
751 311 37 48
105 
0 
753 310 33 49
106 
0 
755 308 35 47
107 
0 
755 307 36 49
108 
0 
757 298 44 59
109 
0 
759 304 40 45
110 
0 
766 305 34 44
111 
0 
763 297 47 58
112 
0 
772 303 33 43
113 
0 
773 303 35 45
114 
0 
773 303 37 45
115 
0 
783 303 31 46
116 
0 
782 305 35 44
117 
0 
779 302 41 44
118 
0 
783 302 37 46
119 
0 
785 299 36 45
120 
0 
783 298 34 46
121 
0 
784 294 36 43
122 
0 
783 293 41 42
123 
0 
785 290 40 46
124 
0 
787 280 38 45
125 
0 
786 272 44 59
126 
0 
785 273 47 57
127 
0 
787 273 48 56
128 
0 
790 268 43 63
129 
0 
793 269 37 45
130 
0 
790 260 49 55
131 
0 
795 264 40 43
132 
0 
795 261 40 45
133 
0 
795 259 39 42
134 
0 
798 255 37 49
135 
0 
800 251 45 53
136 
0 
799 251 47 50
137 
0 
802 250 45 55
138 
0 
804 254 39 47
139 
0 
804 250 44 56
140 
0 
810 255 35 48
141 
0 
810 254 36 48
142 
0 
810 256 38 45
143 
0 
811 256 40 43
144 
0 
811 254 44 45
145 
0 
815 251 40 49
146 
0 
819 246 37 47
147 
0 
819 246 35 42
148 
0 
819 245 32 43
149 
0 
819 241 37 45
150 
0 
819 242 37 44
151 
0 
813 235 51 55
152 
0 
823 243 42 49
153 
0 
825 242 40 46
154 
0 
825 240 42 48
155 
0 
825 241 43 43
156 
0 
825 235 43 49
157 
0 
827 227 42 58
158 
0 
828 231 39 48
159 
0 
830 225 35 55
160 
0 
830 228 35 50
161 
0 
832 228 38 49
162 
0 
832 224 38 50
163 
0 
835 223 39 52
164 
0 
835 225 41 46
165 
0 
838 221 37 54
166 
0 
839 222 39 52
167 
0 
841 223 38 51
168 
0 
843 223 35 48
169 
0 
843 221 36 52
170 
0 
844 219 41 54
171 
0 
845 220 39 52
172 
0 
838 214 50 54
173 
0 
843 219 39 44
174 
0 
848 213 44 54
175 
0 
841 212 46 53
176 
0 
852 214 38 46
177 
0 
854 215 34 43
178 
0 
854 210 37 48
179 
0 
855 210 36 47
180 
0 
856 210 37 49
181 
0 
854 212 43 43
182 
0 
859 212 37 46
183 
0 
859 216 39 42
184 
0 
857 209 46 59
185 
0 
860 220 40 42
186 
0 
858 222 42 40
187 
0 
860 222 40 52
188 
0 
858 225 42 39
189 
0 
862 221 40 55
190 
0 
864 222 34 42
191 
0 
861 223 42 50
192 
0 
863 222 39 53
193 
0 
863 224 40 49
194 
0 
864 221 37 54
195 
0 
863 221 42 55
196 
0 
862 221 41 52
197 
0 
861 220 39 49
198 
0 
858 219 42 51
199 
0 
860 219 39 48
200 
0 
859 216 39 42
201 
0 
855 207 47 57
202 
0 
860 213 39 44
203 
0 
857 212 41 44
204 
0 
858 209 38 47
205 
0 
856 203 39 42
206 
0 
854 204 40 45
207 
0 
855 201 37 39
208 
0 
854 199 39 42
209 
0 
852 199 40 41
210 
0 
854 196 37 44
211 
0 
851 197 38 42
212 
0 
852 194 37 45
213 
0 
841 189 46 54
214 
0 
848 184 45 56
215 
0 
846 187 34 48
216 
0 
847 177 33 51
217 
0 
845 179 34 43
218 
0 
843 176 39 45
219 
0 
843 174 39 44
220 
0 
842 171 39 43
221 
0 
843 169 38 43
222 
0 
849 170 39 43
223 
0 
848 162 35 46
224 
0 
847 158 36 46
225 
0 
847 157 37 47
226 
0 
845 155 46 45
227 
0 
849 156 34 43
228 
0 
845 151 42 52
229 
0 
846 152 38 46
230 
0 
849 149 33 48
231 
0 
846 146 38 50
232 
0 
845 146 38 45
233 
0 
846 142 37 54
234 
0 
845 142 36 48
235 
0 
844 144 36 51
236 
0 
841 146 38 48
237 
0 
841 146 39 43
238 
0 
836 139 38 46
239 
0 
833 135 45 47
240 
0 
830 133 44 46
241 
0 
829 130 42 49
242 
0 
827 129 41 46
243 
0 
824 125 36 48
244 
0 
822 119 36 49
245 
0 
813 120 42 43
246 
0 
806 121 43 40
247 
0 
803 117 39 48
248 
0 
797 121 38 42
249 
0 
785 123 43 42
250 
0 
779 118 42 49
251 
0 
776 126 34 44
252 
0 
768 126 41 45
253 
0 
765 127 40 44
254 
0 
756 130 42 41
255 
0 
755 131 41 44
256 
0 
752 135 41 40
257 
0 
751 132 36 47
258 
0 
748 131 39 50
259 
0 
747 133 37 46
260 
0 
744 135 39 40
261 
0 
743 132 40 48
262 
0 
742 131 37 49
263 
0 
736 135 43 40
264 
0 
737 133 40 45
265 
0 
732 134 43 42
266 
0 
732 133 40 42
267 
0 
729 134 42 41
268 
0 
728 129 42 45
269 
0 
728 128 35 46
270 
0 
725 128 38 45
271 
0 
725 126 35 49
272 
0 
721 129 40 42
273 
0 
722 126 39 49
274 
0 
721 128 41 42
275 
0 
720 127 43 42
276 
0 
721 126 41 47
277 
0 
720 128 43 41
278 
0 
719 130 41 43
279 
0 
718 129 45 47
280 
0 
719 131 40 43
281 
0 
720 132 44 47
282 
0 
722 130 43 48
283 
0 
722 134 38 38
284 
0 
723 130 42 47
285 
0 
726 128 38 50
286 
0 
726 131 45 41
287 
0 
731 129 38 47
288 
0 
732 128 40 45
289 
0 
737 129 40 45
290 
0 
743 127 41 48
291 
0 
747 128 39 46
292 
0 
753 125 39 47
293 
0 
753 123 45 46
294 
0 
758 120 43 44
295 
0 
771 118 38 47
296 
0 
778 118 38 44
297 
0 
783 114 34 51
298 
0 
792 112 39 48
299 
0 
801 113 40 45
300 
0 
808 112 44 46
301 
0 
821 109 41 47
302 
0 
826 109 42 46
303 
0 
831 106 41 48
304 
0 
834 106 43 46
305 
0 
838 104 42 51
306 
0 
845 102 38 52
307 
0 
845 110 48 38
308 
0 
847 108 46 42
309 
0 
854 110 38 42
310 
0 
854 108 44 45
311 
0 
862 108 37 49
312 
0 
863 114 42 41
313 
0 
866 112 39 48
314 
0 
872 117 35 51
315 
0 
874 120 39 44
316 
0 
873 123 43 45
317 
0 
882 124 40 52
318 
0 
885 130 40 44
319 
0 
889 132 41 47
320 
0 
891 132 41 51
321 
0 
896 136 41 44
322 
0 
897 137 40 44
323 
0 
902 137 33 51
324 
0 
904 138 35 48
325 
0 
904 141 42 44
326 
0 
912 137 37 51
327 
0 
916 138 35 51
328 
0 
915 136 38 46
329 
0 
916 137 37 44
330 
0 
919 137 36 53
331 
0 
921 143 32 43
332 
0 
922 140 37 46
333 
0 
922 137 38 53
334 
0 
922 142 39 44
335 
0 
922 144 40 45
336 
0 
923 145 39 43
337 
0 
921 147 43 39
338 
0 
922 146 40 40
339 
0 
922 146 41 42
340 
0 
921 146 42 42
341 
0 
921 151 22 36
342 
0 
922 151 21 37
343 
-2 
0 0 0 0
344 
-2 
0 0 0 0
345 
-2 
0 0 0 0
346 
-2 
0 0 0 0
347 
-2 
0 0 0 0
348 
-2 
0 0 0 0
349 
-2 
0 0 0 0
350 
0 
912 127 33 32
351 
0 
918 132 27 24
352 
0 
916 130 30 24
353 
0 
916 129 29 22
354 
0 
916 129 27 21
355 
0 
919 126 26 21
356 
0 
924 124 21 20
357 
-2 
0 0 0 0
358 
0 
924 124 16 14
359 
0 
916 118 24 17
360 
0 
921 117 16 16
361 
-2 
0 0 0 0
362 
-2 
0 0 0 0
363 
0 
922 109 17 20
364 
-2 
0 0 0 0
365 
-2 
0 0 0 0
366 
-2 
0 0 0 0
367 
0 
918 105 19 16
368 
-2 
0 0 0 0
369 
-2 
0 0 0 0
370 
-2 
0 0 0 0
371 
-2 
0 0 0 0
372 
-2 
0 0 0 0
373 
-2 
0 0 0 0
374 
-2 
0 0 0 0
375 
-2 
0 0 0 0
376 
-2 
0 0 0 0
377 
-2 
0 0 0 0
378 
-2 
0 0 0 0
379 
-2 
0 0 0 0
380 
-2 
0 0 0 0
381 
-2 
0 0 0 0
382 
-2 
0 0 0 0
383 
-2 
0 0 0 0
384 
-2 
0 0 0 0
385 
-2 
0 0 0 0
386 
-2 
0 0 0 0
387 
-2 
0 0 0 0
388 
-2 
0 0 0 0
389 
-2 
0 0 0 0
390 
-2 
0 0 0 0
391 
-2 
0 0 0 0
392 
-2 
0 0 0 0
393 
-2 
0 0 0 0
394 
-1 
0 0 0 0
395 
-1 
0 0 0 0
396 
-1 
0 0 0 0
397 
-1 
0 0 0 0
398 
-1 
0 0 0 0
399 
-1 
0 0 0 0
400 
-1 
0 0 0 0
401 
-1 
0 0 0 0
402 
-1 
0 0 0 0
403 
-1 
0 0 0 0
404 
-1 
0 0 0 0
405 
-1 
0 0 0 0
406 
-1 
0 0 0 0
407 
-1 
0 0 0 0
408 
-1 
0 0 0 0
409 
-1 
0 0 0 0
410 
-1 
0 0 0 0
411 
-1 
0 0 0 0
412 
-2 
0 0 0 0
413 
-2 
0 0 0 0
414 
-2 
0 0 0 0
415 
-2 
0 0 0 0
416 
-2 
0 0 0 0
417 
-1 
0 0 0 0
418 
-2 
0 0 0 0
419 
-2 
0 0 0 0
420 
-2 
0 0 0 0
421 
-2 
0 0 0 0
422 
-2 
0 0 0 0
423 
-2 
0 0 0 0
424 
-2 
0 0 0 0
425 
-2 
0 0 0 0
426 
-2 
0 0 0 0
427 
0 
970 148 24 24
428 
-2 
0 0 0 0
429 
-2 
0 0 0 0
430 
-2 
0 0 0 0
431 
-2 
0 0 0 0
432 
-2 
0 0 0 0
433 
-2 
0 0 0 0
434 
-2 
0 0 0 0
435 
-2 
0 0 0 0
436 
-2 
0 0 0 0
437 
-2 
0 0 0 0
438 
-2 
0 0 0 0
439 
-2 
0 0 0 0
440 
-2 
0 0 0 0
441 
-2 
0 0 0 0
442 
-2 
0 0 0 0
443 
-2 
0 0 0 0
444 
-2 
0 0 0 0
445 
-2 
0 0 0 0
446 
0 
946 198 22 43
447 
0 
938 198 25 47
448 
0 
933 198 23 44
449 
0 
928 202 28 40
450 
0 
919 203 27 42
451 
0 
913 200 31 46
452 
0 
908 202 34 44
453 
0 
908 208 34 46
454 
0 
911 209 34 45
455 
0 
911 211 40 42
456 
0 
917 213 35 44
457 
0 
920 217 32 44
458 
0 
921 217 41 47
459 
0 
915 213 43 59
460 
0 
916 221 37 48
461 
0 
912 231 35 47
462 
0 
903 232 39 45
463 
0 
903 237 36 48
464 
0 
901 241 35 49
465 
0 
900 242 36 50
466 
0 
894 252 36 48
467 
-2 
0 0 0 0
468 
-2 
0 0 0 0
469 
-2 
0 0 0 0
470 
0 
879 307 34 48
471 
0 
876 319 22 18
472 
0 
870 325 33 48
473 
0 
863 324 35 49
474 
0 
860 328 35 50
475 
0 
855 330 35 50
476 
0 
846 342 37 48
477 
0 
839 347 41 48
478 
0 
833 354 39 47
479 
0 
827 356 39 51
480 
0 
824 369 32 47
481 
0 
815 377 43 45
482 
0 
810 382 40 46
483 
0 
806 390 38 46
484 
0 
802 397 44 43
485 
0 
797 397 40 48
486 
0 
799 395 51 58
487 
0 
812 396 49 61
488 
0 
826 403 51 60
489 
0 
841 415 39 47
490 
0 
848 414 54 55
491 
0 
856 414 45 60
492 
0 
860 416 51 57
493 
0 
872 416 50 58
494 
0 
883 408 44 62
495 
0 
892 400 52 48
496 
0 
903 388 49 55
497 
0 
914 376 44 58
498 
0 
925 375 40 43
499 
0 
924 362 48 55
500 
0 
926 354 48 56
501 
0 
923 345 48 57
502 
0 
924 339 46 55
503 
0 
922 339 46 52
504 
0 
921 338 45 56
505 
0 
918 340 48 53
506 
0 
916 339 43 56
507 
0 
914 332 41 59
508 
0 
907 323 43 59
509 
0 
901 311 46 65
510 
0 
897 304 44 62
511 
0 
887 299 43 61
512 
0 
877 297 52 55
513 
0 
873 297 52 56
514 
0 
874 294 50 61
515 
0 
877 294 48 62
516 
0 
877 299 51 54
517 
0 
880 297 48 57
518 
0 
883 300 44 53
519 
0 
882 298 50 54
520 
0 
877 300 55 54
521 
0 
876 300 55 55
522 
0 
881 298 49 56
523 
0 
884 297 47 58
524 
0 
891 298 39 60
525 
0 
894 299 44 57
526 
0 
898 298 48 59
527 
0 
901 304 46 56
528 
0 
906 302 42 57
529 
0 
910 305 43 57
530 
0 
912 306 42 57
531 
0 
915 306 42 58
532 
0 
917 306 48 58
533 
0 
921 307 44 58
534 
0 
925 309 45 56
535 
0 
931 313 44 52
536 
0 
928 313 44 60
537 
0 
930 315 42 59
538 
0 
926 317 45 57
539 
0 
923 318 48 58
540 
0 
922 322 47 56
541 
0 
921 325 48 55
542 
0 
918 324 50 55
543 
0 
920 323 46 58
544 
0 
918 326 49 57
545 
0 
917 329 50 51
546 
0 
916 328 41 59
547 
0 
912 330 47 57
548 
0 
912 329 46 59
549 
0 
910 331 45 58
550 
0 
913 343 38 45
551 
0 
912 338 42 62
552 
0 
912 337 43 64
553 
0 
911 342 45 61
554 
0 
911 343 42 60
555 
0 
911 340 41 65
556 
0 
915 342 39 66
557 
0 
915 350 36 51
558 
0 
917 350 34 53
559 
0 
921 346 50 60
560 
0 
922 352 48 58
561 
0 
925 351 45 61
562 
0 
929 346 40 68
563 
0 
938 345 37 71
564 
0 
948 349 42 62
565 
0 
959 350 36 55
566 
0 
976 348 31 61
567 
0 
978 350 35 56
568 
0 
976 347 44 61
569 
0 
981 349 36 55
570 
-2 
0 0 0 0
571 
-2 
0 0 0 0
572 
-2 
0 0 0 0
573 
-2 
0 0 0 0
574 
-2 
0 0 0 0
575 
-2 
0 0 0 0
576 
-1 
0 0 0 0
577 
-1 
0 0 0 0
578 
-1 
0 0 0 0
579 
-1 
0 0 0 0
580 
-1 
0 0 0 0
581 
-1 
0 0 0 0
582 
-1 
0 0 0 0
583 
-1 
0 0 0 0
584 
-1 
0 0 0 0
585 
-1 
0 0 0 0
