1 
0 
944 531 27 45
2 
0 
944 531 27 45
3 
0 
945 534 28 46
4 
0 
947 535 27 47
5 
0 
950 537 29 41
6 
0 
951 537 27 41
7 
0 
952 536 30 43
8 
0 
953 537 30 40
9 
0 
956 536 33 40
10 
0 
955 531 29 41
11 
0 
955 528 32 43
12 
0 
958 528 31 41
13 
0 
1230 730 29 47
14 
0 
969 526 30 48
15 
0 
971 523 29 47
16 
0 
967 519 30 42
17 
0 
969 516 28 44
18 
0 
969 515 29 45
19 
0 
968 514 29 45
20 
0 
966 512 30 45
21 
0 
963 508 31 47
22 
0 
960 509 31 44
23 
0 
956 508 30 44
24 
0 
953 511 29 43
25 
0 
945 514 28 41
26 
0 
937 516 28 40
27 
0 
936 515 29 41
28 
0 
935 516 29 40
29 
0 
933 514 29 43
30 
0 
934 514 29 45
31 
0 
931 517 29 41
32 
0 
930 517 30 40
33 
0 
932 512 28 45
34 
0 
933 509 29 46
35 
0 
935 509 30 44
36 
0 
936 504 30 49
37 
0 
939 504 28 48
38 
0 
939 503 29 47
39 
0 
943 502 27 48
40 
0 
946 503 27 47
41 
0 
947 502 28 47
42 
0 
950 502 29 43
43 
0 
953 500 27 45
44 
0 
954 496 28 42
45 
0 
955 496 28 41
46 
0 
955 495 28 42
47 
0 
956 495 30 42
48 
0 
957 494 30 39
49 
0 
958 492 30 41
50 
0 
958 491 29 43
51 
0 
957 493 28 42
52 
0 
955 494 28 41
53 
0 
955 495 29 43
54 
0 
955 495 29 43
55 
0 
955 494 28 44
56 
0 
955 494 28 41
57 
0 
955 495 29 39
58 
0 
955 495 30 38
59 
0 
956 495 27 41
60 
0 
956 496 28 40
61 
0 
956 495 30 41
62 
0 
959 494 29 41
63 
0 
959 493 30 41
64 
0 
958 490 31 41
65 
0 
957 490 32 37
66 
0 
895 945 25 39
67 
0 
955 488 31 39
68 
0 
954 487 30 39
69 
0 
953 487 31 38
70 
0 
953 486 30 35
71 
0 
954 483 29 37
72 
0 
955 476 28 39
73 
0 
954 475 29 39
74 
0 
952 472 29 43
75 
0 
952 468 28 42
76 
0 
951 464 30 42
77 
0 
952 462 28 42
78 
0 
951 459 28 40
79 
0 
939 457 27 43
80 
0 
929 458 28 42
81 
0 
920 453 31 41
82 
0 
919 451 31 41
83 
0 
919 446 29 41
84 
0 
915 444 32 41
85 
0 
909 443 30 42
86 
0 
905 442 29 42
87 
0 
895 439 29 44
88 
0 
888 438 30 43
89 
0 
886 435 27 42
90 
0 
882 429 30 41
91 
0 
874 427 29 41
92 
0 
867 430 30 41
93 
0 
858 437 29 42
94 
0 
850 440 30 45
95 
0 
847 438 30 45
96 
0 
847 436 30 47
97 
0 
1200 753 25 39
98 
0 
1221 739 25 37
99 
0 
1244 721 27 42
100 
0 
854 436 31 44
101 
0 
854 438 30 40
102 
0 
855 438 30 39
103 
0 
858 435 28 41
104 
0 
861 426 28 42
105 
0 
864 419 30 44
106 
0 
870 415 29 47
107 
0 
879 418 28 42
108 
0 
880 424 30 39
109 
0 
884 425 30 40
110 
0 
888 421 30 39
111 
0 
1544 515 26 42
112 
0 
1575 489 30 42
113 
0 
1601 466 30 43
114 
0 
1628 446 27 42
115 
0 
1651 433 25 47
116 
0 
1667 414 27 48
117 
0 
1688 395 26 44
118 
0 
1707 376 29 41
119 
0 
1723 357 29 36
120 
0 
1730 333 28 36
121 
0 
1744 309 31 37
122 
0 
1750 287 31 35
123 
0 
872 336 28 43
124 
0 
865 331 33 41
125 
0 
862 328 28 39
126 
0 
856 325 29 42
127 
0 
848 323 26 42
128 
0 
1033 218 24 35
129 
0 
839 316 29 38
130 
0 
841 308 29 40
131 
0 
840 302 30 42
132 
0 
842 300 28 41
133 
0 
842 295 31 39
134 
0 
840 296 32 37
135 
0 
840 296 31 39
136 
0 
840 296 31 39
137 
0 
838 295 31 39
138 
0 
837 295 32 40
139 
0 
837 295 30 40
140 
0 
839 302 26 38
141 
0 
837 307 31 38
142 
0 
840 312 29 43
143 
0 
841 320 27 45
144 
0 
838 324 31 43
145 
0 
841 328 29 43
146 
0 
840 332 30 44
147 
0 
843 336 31 43
148 
0 
843 337 33 46
149 
0 
847 343 27 45
150 
0 
848 345 29 47
151 
0 
848 350 31 43
152 
0 
849 353 31 43
153 
0 
848 353 32 48
154 
0 
849 355 31 45
155 
0 
859 360 29 45
156 
0 
861 361 28 43
157 
0 
860 359 31 45
158 
0 
866 367 23 45
159 
0 
866 368 25 43
160 
0 
868 368 23 46
161 
0 
866 369 26 44
162 
0 
859 360 31 45
163 
0 
860 361 31 43
164 
0 
862 361 31 43
165 
0 
863 361 32 42
166 
0 
862 357 30 43
167 
0 
862 355 29 41
168 
0 
860 353 28 42
169 
0 
867 352 26 42
170 
0 
870 354 25 40
171 
0 
874 350 27 41
172 
0 
874 349 28 42
173 
0 
880 348 30 44
174 
0 
880 348 32 44
175 
0 
882 348 32 38
176 
0 
886 346 26 43
177 
0 
886 346 24 43
178 
0 
886 345 25 42
179 
0 
889 344 25 44
180 
0 
889 344 27 43
181 
0 
888 339 33 44
182 
0 
890 339 32 43
183 
0 
893 335 29 44
184 
0 
893 332 29 47
185 
0 
891 329 32 46
186 
0 
891 330 30 42
187 
0 
888 324 29 41
188 
0 
885 315 33 42
189 
0 
885 314 31 39
190 
0 
884 311 32 37
191 
0 
885 304 28 40
192 
0 
885 301 28 40
193 
0 
886 295 29 41
194 
0 
884 293 30 41
195 
0 
884 290 28 41
196 
0 
881 286 31 40
197 
0 
879 282 31 41
198 
0 
880 280 29 38
199 
0 
879 272 30 41
200 
0 
879 267 31 43
201 
0 
880 266 29 41
202 
0 
879 263 31 39
203 
0 
880 262 30 38
204 
0 
879 261 29 38
205 
0 
880 260 29 38
206 
0 
880 259 29 38
207 
0 
881 259 28 37
208 
0 
882 257 27 37
209 
0 
882 256 27 39
210 
0 
881 257 28 39
211 
0 
882 256 26 39
212 
0 
881 259 27 36
213 
0 
880 259 29 39
214 
0 
880 261 27 40
215 
0 
880 263 29 37
216 
0 
879 262 31 38
217 
0 
878 262 33 38
218 
0 
881 263 31 40
219 
0 
882 265 28 42
220 
0 
882 266 30 41
221 
0 
884 265 29 41
222 
0 
886 263 30 42
223 
0 
888 262 30 42
224 
0 
889 262 29 42
225 
0 
891 264 30 42
226 
0 
890 265 30 40
227 
0 
890 269 30 39
228 
0 
892 271 29 40
229 
0 
892 271 30 42
230 
0 
895 271 27 41
231 
0 
896 270 28 41
232 
0 
896 269 29 42
233 
0 
900 268 26 39
234 
0 
900 265 27 42
235 
0 
902 263 29 40
236 
0 
903 264 29 37
237 
0 
902 263 32 37
238 
0 
902 262 32 38
239 
0 
905 259 29 39
240 
0 
907 259 28 37
241 
0 
909 256 27 39
242 
0 
908 251 31 40
243 
0 
910 251 31 41
244 
0 
912 252 31 39
245 
0 
914 253 32 37
246 
0 
916 255 28 40
247 
0 
917 254 28 41
248 
0 
916 255 31 41
249 
0 
920 255 30 42
250 
0 
921 257 30 42
251 
0 
922 257 30 42
252 
0 
923 258 28 39
253 
0 
928 257 27 38
254 
0 
928 258 27 38
255 
0 
928 257 28 38
256 
0 
929 256 27 39
257 
0 
929 255 27 42
258 
0 
930 254 27 41
259 
0 
928 250 30 39
260 
0 
928 249 30 43
261 
0 
927 249 31 40
262 
0 
927 250 31 39
263 
0 
926 251 31 39
264 
0 
927 250 31 42
265 
0 
929 255 27 40
266 
0 
927 256 28 40
267 
0 
928 256 26 39
268 
0 
928 256 27 39
269 
0 
926 256 28 40
270 
0 
923 254 28 42
271 
0 
922 255 30 41
272 
0 
922 257 29 40
273 
0 
922 256 28 40
274 
0 
919 256 30 41
275 
0 
919 255 29 41
276 
0 
921 256 27 41
277 
0 
920 256 27 41
278 
0 
919 257 28 42
279 
0 
918 257 29 42
280 
0 
918 256 29 42
281 
0 
917 255 29 44
282 
0 
915 256 31 43
283 
0 
915 256 31 42
284 
0 
914 257 30 41
285 
0 
915 257 31 43
286 
0 
913 257 31 40
287 
0 
914 257 32 41
288 
0 
915 256 31 42
289 
0 
914 257 30 40
290 
0 
914 257 29 40
291 
0 
915 257 31 44
292 
0 
918 258 28 43
293 
0 
917 258 29 43
294 
0 
919 260 29 41
295 
0 
917 262 30 40
296 
0 
919 263 28 41
297 
0 
917 267 30 39
298 
0 
917 269 29 38
299 
0 
915 271 29 38
300 
0 
913 272 33 38
301 
0 
913 272 33 39
302 
0 
913 273 32 37
303 
0 
912 273 33 38
304 
0 
913 274 32 37
305 
0 
913 273 32 39
306 
0 
912 273 31 41
307 
0 
912 276 27 43
308 
0 
909 278 28 41
309 
0 
908 281 29 38
310 
0 
907 280 30 41
311 
0 
908 278 27 42
312 
0 
910 277 28 42
313 
0 
908 277 29 43
314 
0 
908 276 29 44
315 
0 
908 279 29 42
316 
0 
906 281 30 40
317 
0 
906 282 30 41
318 
0 
904 283 32 41
319 
0 
903 283 30 41
320 
0 
904 284 29 40
321 
0 
904 283 32 44
322 
0 
903 282 32 43
323 
0 
904 285 33 42
324 
0 
905 287 32 38
325 
0 
903 286 33 41
326 
0 
902 287 35 44
327 
0 
901 287 35 45
328 
0 
900 288 35 45
329 
0 
897 289 32 43
330 
0 
897 290 31 43
331 
0 
895 288 31 44
332 
0 
895 289 31 43
333 
0 
891 290 32 42
334 
0 
888 290 33 43
335 
0 
884 288 34 46
336 
0 
880 288 36 45
337 
0 
880 288 32 42
338 
0 
880 285 33 43
339 
0 
878 284 34 42
340 
0 
878 284 30 41
341 
0 
875 286 28 40
342 
0 
874 283 28 45
343 
0 
874 284 27 44
344 
0 
870 281 29 44
345 
0 
870 278 28 46
346 
0 
867 278 30 45
347 
0 
866 277 29 43
348 
0 
864 277 29 43
349 
0 
863 276 29 44
350 
0 
862 270 34 46
351 
0 
858 271 36 42
352 
0 
858 268 37 43
353 
0 
857 267 31 39
354 
0 
855 265 32 40
355 
0 
855 262 30 40
356 
0 
855 262 29 40
357 
0 
856 257 27 43
358 
0 
852 256 27 42
359 
0 
850 252 27 46
360 
0 
845 247 32 43
361 
0 
843 246 34 38
362 
0 
840 240 30 41
363 
0 
834 238 30 41
364 
0 
830 235 31 43
365 
0 
825 231 26 46
366 
0 
821 230 26 47
367 
0 
817 223 32 43
368 
0 
815 217 30 42
369 
0 
811 217 30 39
370 
0 
816 216 28 43
371 
0 
812 211 25 40
372 
0 
802 204 30 38
373 
0 
802 200 27 37
374 
0 
802 195 30 41
375 
0 
802 187 27 45
376 
0 
797 180 30 45
377 
0 
794 178 29 43
378 
0 
791 175 31 40
379 
0 
786 171 32 39
380 
0 
785 168 29 38
381 
0 
784 159 32 41
382 
0 
783 154 30 43
383 
0 
779 151 29 38
384 
0 
779 147 26 39
385 
0 
777 143 27 41
386 
0 
773 136 29 38
387 
0 
770 132 29 37
388 
0 
765 129 30 37
389 
0 
762 127 30 35
390 
-2 
0 0 0 0
391 
-2 
0 0 0 0
392 
-2 
0 0 0 0
393 
-2 
0 0 0 0
394 
-2 
0 0 0 0
395 
-2 
0 0 0 0
396 
-2 
0 0 0 0
397 
-2 
0 0 0 0
398 
-2 
0 0 0 0
399 
0 
753 77 31 51
400 
0 
752 75 30 50
401 
0 
751 73 32 46
402 
0 
751 72 31 46
403 
0 
752 72 29 45
404 
0 
749 73 33 47
405 
0 
751 75 31 49
406 
0 
749 79 30 49
407 
0 
749 81 30 49
408 
-2 
0 0 0 0
409 
-2 
0 0 0 0
410 
-2 
0 0 0 0
411 
-2 
0 0 0 0
412 
-2 
0 0 0 0
413 
-2 
0 0 0 0
414 
-2 
0 0 0 0
415 
0 
749 95 27 45
416 
0 
749 96 27 45
417 
0 
748 96 30 45
418 
0 
744 93 32 39
419 
0 
746 92 29 41
420 
0 
745 93 30 39
421 
0 
744 92 31 40
422 
-2 
0 0 0 0
423 
-2 
0 0 0 0
424 
-2 
0 0 0 0
425 
-2 
0 0 0 0
426 
-2 
0 0 0 0
427 
-2 
0 0 0 0
428 
-2 
0 0 0 0
429 
-2 
0 0 0 0
430 
-2 
0 0 0 0
431 
0 
751 111 30 50
432 
0 
751 119 29 41
433 
0 
751 123 29 42
434 
0 
750 128 30 41
435 
0 
751 130 28 45
436 
0 
750 136 30 43
437 
0 
753 144 24 38
438 
0 
751 146 28 43
439 
0 
750 149 29 42
440 
0 
749 152 31 40
441 
0 
750 154 30 41
442 
0 
747 157 28 42
443 
0 
1029 57 29 44
444 
0 
1019 74 27 42
445 
0 
1006 88 29 32
446 
0 
1000 104 28 34
447 
0 
988 118 29 32
448 
0 
979 133 29 33
449 
0 
970 141 27 34
450 
0 
961 154 29 36
451 
0 
956 170 25 34
452 
0 
945 182 26 32
453 
0 
933 192 29 37
454 
0 
928 204 27 39
455 
0 
918 215 25 42
456 
0 
907 226 28 40
457 
0 
895 236 28 43
458 
0 
889 253 31 37
459 
0 
882 266 30 43
460 
0 
879 282 28 42
461 
0 
866 295 32 42
462 
0 
862 312 30 39
463 
0 
857 327 29 41
464 
0 
851 340 27 39
465 
0 
848 357 30 40
466 
0 
846 368 31 46
467 
0 
841 383 26 35
468 
0 
835 399 28 33
469 
0 
830 406 33 44
470 
0 
824 419 28 44
471 
0 
816 428 29 45
472 
0 
811 438 28 49
473 
0 
800 447 29 43
474 
-2 
0 0 0 0
475 
0 
784 462 29 49
476 
0 
775 468 25 48
477 
0 
764 477 28 47
478 
0 
754 481 28 47
479 
0 
743 483 30 47
480 
0 
776 292 30 42
481 
0 
780 303 25 40
482 
0 
781 302 35 42
483 
0 
785 307 34 44
484 
0 
788 312 34 44
485 
0 
792 314 32 45
486 
0 
792 315 32 43
487 
0 
796 316 33 43
488 
0 
801 321 30 46
489 
0 
807 324 30 45
490 
0 
811 330 29 38
491 
0 
815 330 30 42
492 
0 
818 334 29 39
493 
0 
823 338 29 39
494 
0 
827 341 28 38
495 
0 
832 342 29 36
496 
0 
836 347 26 38
497 
0 
839 342 31 39
498 
0 
844 345 26 41
499 
0 
847 344 28 42
500 
0 
849 342 31 38
501 
0 
852 342 27 37
502 
0 
856 341 29 39
503 
0 
859 339 27 40
504 
0 
860 338 30 41
505 
0 
861 339 30 39
506 
0 
863 337 30 40
507 
0 
865 339 31 39
508 
0 
867 340 29 36
509 
0 
869 340 29 38
510 
0 
870 339 29 37
511 
0 
871 339 29 37
512 
0 
874 338 27 38
513 
0 
875 337 28 39
514 
0 
879 335 28 40
515 
0 
879 335 29 39
516 
0 
880 335 29 39
517 
0 
881 335 29 39
518 
0 
883 334 31 39
519 
0 
886 332 32 39
520 
0 
889 336 30 38
521 
0 
893 332 30 40
522 
0 
897 333 28 40
523 
0 
902 332 29 40
524 
0 
902 333 31 38
525 
0 
903 332 31 38
526 
0 
907 333 31 38
527 
0 
908 330 32 38
528 
0 
912 328 31 41
529 
0 
915 327 33 41
530 
0 
920 325 30 41
531 
0 
924 327 27 39
532 
0 
928 326 27 37
533 
0 
931 323 27 40
534 
0 
931 320 31 38
535 
0 
937 319 31 39
536 
0 
938 318 31 39
537 
0 
942 318 31 39
538 
0 
950 317 30 38
539 
0 
951 314 31 40
540 
0 
956 315 30 37
541 
0 
959 313 31 38
542 
0 
966 310 30 42
543 
0 
973 309 30 39
544 
0 
974 307 31 38
545 
0 
978 305 29 38
546 
0 
984 302 29 38
547 
0 
989 299 26 42
548 
0 
990 296 31 37
549 
0 
995 293 28 37
550 
0 
1000 289 28 38
551 
0 
1000 283 30 37
552 
0 
1003 274 32 39
553 
0 
1008 269 31 37
554 
0 
1008 261 31 40
555 
0 
1012 255 29 41
556 
0 
1012 247 31 42
557 
0 
1017 242 29 44
558 
0 
1023 238 27 40
559 
0 
1024 235 29 39
560 
0 
1029 231 30 43
561 
0 
1032 227 32 39
562 
0 
1041 223 29 42
563 
0 
1047 221 31 41
564 
0 
1051 220 33 35
565 
0 
1062 215 29 39
566 
0 
1070 213 31 38
567 
0 
1077 206 30 39
568 
0 
1080 204 33 40
569 
0 
1089 201 28 41
570 
0 
1095 199 31 38
571 
0 
1097 192 34 42
572 
0 
1104 188 30 42
573 
0 
1110 181 32 43
574 
0 
1119 180 32 38
575 
0 
1125 178 32 39
576 
0 
1132 174 32 41
577 
0 
1142 173 30 37
578 
0 
1146 171 29 36
579 
0 
1153 166 30 40
580 
0 
1159 161 29 37
581 
0 
1167 159 29 38
582 
0 
1169 157 29 38
583 
0 
1174 153 31 40
584 
0 
1179 150 30 40
585 
0 
1184 145 30 42
586 
0 
1190 144 33 42
587 
0 
1195 137 32 41
588 
0 
1198 137 32 35
589 
0 
1204 134 31 38
590 
0 
1209 132 30 38
591 
0 
1215 131 30 37
592 
0 
1215 130 30 35
593 
0 
1216 128 32 35
594 
0 
1219 126 31 36
595 
0 
1222 124 29 36
596 
0 
1222 118 35 36
597 
0 
1224 118 32 35
598 
0 
1223 116 33 35
599 
0 
1224 115 34 35
600 
0 
1227 114 33 35
601 
0 
1231 110 33 39
602 
0 
1238 107 30 36
603 
0 
1237 104 32 37
604 
0 
1239 101 30 37
605 
0 
1239 99 30 38
606 
0 
1236 93 36 38
607 
0 
1238 90 34 40
608 
0 
1241 88 32 40
609 
0 
1242 87 34 36
610 
0 
1243 84 33 36
611 
0 
1244 82 34 35
612 
0 
1248 78 31 38
613 
0 
1250 77 32 36
614 
0 
1250 70 34 38
615 
0 
1253 68 32 39
616 
0 
1254 65 33 42
617 
0 
1256 62 31 42
618 
0 
1258 60 29 42
619 
0 
1256 60 32 43
620 
0 
1255 63 30 41
621 
0 
1247 67 34 36
622 
0 
1243 71 35 38
623 
0 
1239 81 32 33
624 
0 
1237 83 33 34
625 
0 
1238 86 32 35
626 
0 
1237 92 35 36
627 
0 
1235 103 29 38
628 
0 
1226 114 30 33
629 
0 
1221 123 30 35
630 
0 
1214 131 32 39
631 
0 
1210 136 30 42
632 
0 
1198 147 31 41
633 
0 
1185 158 30 40
634 
0 
1173 172 31 37
635 
0 
1166 182 29 41
636 
0 
1155 190 31 44
637 
0 
1149 202 30 41
638 
0 
1144 215 27 35
639 
0 
1132 218 30 40
640 
0 
1126 227 28 39
641 
0 
1120 233 27 40
642 
0 
1109 238 31 43
643 
0 
1102 243 31 42
644 
0 
1097 249 28 38
645 
0 
1089 253 30 37
646 
0 
1083 258 30 40
647 
0 
1074 264 32 38
648 
0 
1071 267 30 39
649 
0 
1067 269 27 41
650 
0 
1058 273 31 39
651 
0 
1054 278 29 40
652 
0 
1049 283 32 37
653 
0 
1047 286 31 37
654 
0 
1046 288 31 39
655 
0 
1043 294 27 36
656 
0 
1036 297 29 34
657 
0 
1030 298 32 36
658 
0 
1023 303 31 37
659 
0 
1017 303 28 38
660 
0 
1006 306 32 38
661 
0 
1000 308 29 36
662 
0 
995 308 27 39
663 
0 
984 308 30 38
664 
0 
975 310 31 37
665 
0 
970 311 29 39
666 
0 
958 312 32 36
667 
0 
952 312 31 37
668 
0 
951 311 30 37
669 
0 
951 308 28 37
670 
0 
945 307 28 38
671 
0 
940 303 28 37
672 
0 
935 301 29 40
673 
0 
937 297 30 37
674 
0 
934 294 30 38
675 
0 
934 290 30 40
676 
0 
931 289 30 40
677 
0 
930 289 32 37
678 
0 
928 287 31 40
679 
0 
927 284 30 41
680 
0 
927 285 29 40
681 
0 
926 286 29 39
682 
0 
926 286 29 39
683 
0 
924 285 27 40
684 
0 
923 284 27 41
685 
0 
923 283 27 44
686 
0 
922 282 26 44
687 
0 
917 283 30 42
688 
0 
914 281 33 44
689 
0 
914 281 29 41
690 
0 
911 281 30 39
691 
0 
908 280 32 42
692 
0 
907 278 32 43
693 
0 
906 277 31 43
694 
0 
906 276 29 44
695 
0 
906 272 29 42
696 
0 
905 272 29 39
697 
0 
904 269 31 41
698 
0 
904 269 30 40
699 
0 
903 266 30 43
700 
0 
903 267 29 39
701 
0 
902 265 30 39
702 
0 
903 264 28 38
703 
0 
902 263 28 37
704 
0 
900 262 27 39
705 
0 
899 261 28 39
706 
0 
899 260 29 39
707 
0 
899 258 28 42
708 
0 
897 257 29 42
709 
0 
897 257 28 41
710 
0 
892 256 30 41
711 
0 
889 255 29 43
712 
0 
886 255 30 43
713 
0 
883 256 31 41
714 
0 
882 255 31 42
715 
0 
884 254 28 42
716 
0 
883 255 29 43
717 
0 
884 255 28 41
718 
0 
881 255 30 43
719 
0 
880 258 29 39
720 
0 
880 258 29 39
721 
0 
879 258 30 40
722 
0 
879 259 28 37
723 
0 
879 259 28 40
724 
0 
879 262 27 39
725 
0 
876 265 26 41
726 
0 
874 268 27 41
727 
0 
870 269 30 43
728 
0 
869 272 30 40
729 
0 
866 271 31 44
730 
0 
865 274 31 40
731 
0 
865 275 27 46
732 
0 
861 276 30 45
733 
0 
859 280 29 42
734 
0 
858 281 30 42
735 
0 
857 283 29 39
736 
0 
856 285 28 39
737 
0 
854 286 30 39
738 
0 
851 287 28 39
739 
0 
850 287 26 41
740 
0 
847 287 28 42
741 
0 
846 291 28 37
742 
0 
843 290 30 39
743 
0 
840 292 31 37
744 
0 
838 293 31 37
745 
0 
836 295 31 36
746 
0 
835 294 30 37
747 
0 
834 295 30 37
748 
0 
832 294 31 39
749 
0 
831 293 28 39
750 
0 
825 295 30 38
751 
0 
821 295 29 37
752 
0 
817 293 29 39
753 
0 
812 293 30 38
754 
0 
810 292 29 39
755 
0 
807 290 29 40
756 
0 
804 290 27 41
757 
0 
800 292 29 38
758 
0 
796 292 29 37
759 
0 
791 293 30 37
760 
0 
787 294 30 35
761 
0 
785 292 29 38
762 
0 
783 293 28 38
763 
0 
778 292 29 41
764 
0 
773 294 29 35
765 
0 
770 294 31 36
766 
0 
766 292 31 40
767 
0 
764 293 31 37
768 
0 
762 291 30 39
769 
0 
760 289 29 42
770 
0 
754 293 30 38
771 
0 
753 293 29 40
772 
0 
749 294 30 37
773 
0 
746 295 30 35
774 
0 
744 293 29 38
775 
0 
740 292 30 40
776 
0 
740 292 28 40
777 
0 
739 293 29 39
778 
0 
735 293 30 39
779 
0 
736 292 28 42
780 
0 
736 292 28 41
781 
0 
737 291 30 41
782 
0 
736 293 31 43
783 
0 
738 293 32 43
784 
0 
742 292 27 37
785 
0 
743 291 27 39
786 
0 
743 293 26 36
787 
0 
743 292 28 39
788 
0 
742 294 28 37
789 
0 
742 293 29 37
790 
0 
743 294 30 36
791 
0 
745 293 29 36
792 
0 
744 293 32 35
793 
0 
749 292 29 36
794 
0 
754 291 28 36
795 
0 
762 288 29 38
796 
0 
765 284 33 39
797 
0 
772 282 27 39
798 
0 
773 280 28 41
799 
0 
771 280 29 42
800 
0 
769 280 30 41
801 
0 
770 279 28 43
802 
0 
769 279 30 41
803 
0 
769 279 29 41
804 
0 
770 279 28 40
805 
0 
770 277 27 42
806 
0 
770 277 27 43
807 
0 
768 279 27 39
808 
0 
768 278 27 41
809 
0 
769 277 26 42
810 
0 
766 278 28 41
811 
0 
767 276 27 44
812 
0 
767 275 26 46
813 
0 
765 275 29 46
814 
0 
764 277 29 44
815 
0 
761 278 29 42
816 
0 
761 279 28 41
817 
0 
760 279 28 41
818 
0 
754 277 27 44
819 
0 
753 271 26 42
820 
0 
750 273 31 41
821 
0 
747 273 32 40
822 
0 
747 273 32 41
823 
0 
744 273 31 41
824 
0 
744 279 25 39
825 
0 
742 277 27 43
826 
0 
740 278 27 41
827 
0 
739 277 27 42
828 
0 
736 272 30 41
829 
0 
736 272 29 39
830 
0 
730 273 29 38
831 
0 
730 271 26 40
832 
0 
730 273 29 49
833 
0 
737 276 32 56
834 
-2 
0 0 0 0
835 
0 
737 279 34 52
836 
0 
738 277 30 57
837 
0 
725 278 31 53
838 
0 
723 278 38 53
839 
0 
724 276 34 54
840 
0 
722 276 33 53
841 
0 
720 276 36 52
842 
0 
720 276 34 51
843 
0 
722 275 36 51
844 
0 
722 275 37 48
845 
0 
727 273 35 53
846 
0 
734 276 32 46
847 
0 
734 276 34 46
848 
0 
735 277 31 45
849 
0 
736 277 33 45
850 
0 
735 277 33 46
851 
0 
737 277 32 47
852 
0 
736 279 27 39
853 
0 
737 279 26 39
854 
0 
737 280 26 37
855 
0 
740 281 23 38
856 
0 
738 282 25 36
857 
0 
738 283 26 36
858 
0 
738 282 26 37
859 
0 
736 282 29 38
860 
0 
736 283 29 37
861 
0 
736 283 29 39
862 
0 
736 282 29 41
863 
0 
735 282 29 39
864 
0 
735 281 31 41
865 
0 
736 283 31 38
866 
0 
737 284 30 37
867 
0 
737 285 32 34
868 
0 
739 283 32 38
869 
0 
739 285 30 35
870 
0 
741 284 31 39
871 
0 
742 285 30 37
872 
0 
743 285 33 37
873 
0 
746 283 31 39
874 
0 
751 283 29 41
875 
0 
754 285 28 37
876 
0 
759 284 28 40
877 
0 
759 286 30 39
878 
0 
759 286 33 38
879 
0 
762 285 30 41
880 
0 
764 287 30 38
881 
0 
765 287 32 39
882 
0 
767 286 33 41
883 
0 
770 290 30 38
884 
0 
771 290 32 39
885 
0 
776 291 29 39
886 
0 
777 290 29 40
887 
0 
778 291 30 39
888 
0 
784 290 27 41
889 
0 
784 290 29 42
890 
0 
784 291 30 40
891 
0 
785 291 29 42
892 
0 
787 292 28 41
893 
0 
788 293 30 38
894 
0 
788 295 31 36
895 
0 
789 294 32 38
896 
0 
791 294 31 37
897 
0 
792 295 33 37
898 
0 
793 296 32 36
899 
0 
793 295 32 37
900 
0 
793 294 32 38
901 
0 
794 295 32 36
902 
0 
798 293 29 40
903 
0 
800 292 29 42
904 
0 
800 294 30 37
905 
0 
800 293 30 39
906 
0 
802 292 29 39
907 
0 
807 289 28 44
908 
0 
802 292 29 39
909 
0 
802 293 30 37
910 
0 
803 291 29 39
911 
0 
808 287 27 47
912 
0 
809 290 27 42
913 
0 
807 291 29 41
914 
0 
808 291 29 41
915 
0 
808 290 29 41
916 
0 
808 291 28 41
917 
0 
808 291 29 41
918 
0 
808 289 28 45
919 
0 
809 291 28 42
920 
0 
808 291 29 44
921 
0 
808 291 30 43
922 
0 
808 292 30 42
923 
0 
808 292 31 43
924 
0 
809 291 31 47
925 
0 
809 291 33 47
926 
0 
811 290 30 48
927 
0 
811 291 31 47
928 
0 
811 292 30 45
929 
0 
810 293 32 45
930 
0 
810 295 32 42
931 
0 
812 300 26 40
932 
0 
813 299 24 42
933 
0 
810 301 28 39
934 
0 
811 300 27 41
935 
0 
813 301 25 40
936 
0 
812 302 27 38
937 
0 
812 302 28 38
938 
0 
811 303 29 37
939 
0 
812 303 27 37
940 
0 
813 302 25 38
941 
0 
813 302 27 38
942 
0 
814 302 26 38
943 
0 
814 301 28 40
944 
0 
814 302 27 38
945 
0 
816 301 27 40
946 
0 
817 301 28 40
947 
0 
817 300 28 40
948 
0 
818 299 26 42
949 
0 
818 300 28 40
950 
0 
819 301 29 40
951 
0 
819 301 29 39
952 
0 
821 299 29 42
953 
0 
821 299 28 42
954 
0 
822 300 26 41
955 
0 
824 299 26 44
956 
0 
822 299 27 44
957 
0 
823 300 28 43
958 
0 
823 300 29 42
959 
0 
824 300 29 42
960 
0 
825 298 30 45
961 
0 
826 298 30 45
962 
0 
831 299 28 44
963 
0 
832 300 28 42
964 
0 
831 300 30 43
965 
0 
832 302 28 41
966 
0 
832 302 29 42
967 
0 
833 302 28 44
968 
0 
835 302 25 45
969 
0 
835 304 27 43
970 
0 
837 308 26 42
971 
0 
838 311 26 41
972 
0 
839 309 25 43
973 
0 
842 309 24 44
974 
0 
840 312 28 41
975 
0 
842 311 28 45
976 
0 
838 316 36 37
977 
0 
840 318 34 35
978 
0 
843 316 30 40
979 
0 
844 317 28 39
980 
0 
845 318 28 40
981 
0 
848 321 25 44
982 
0 
848 323 27 43
983 
0 
848 325 27 41
984 
0 
848 327 29 41
985 
0 
849 327 28 41
986 
0 
851 328 28 40
987 
0 
851 329 28 39
988 
0 
855 330 27 38
989 
0 
855 330 28 39
990 
0 
855 330 29 38
991 
0 
855 330 31 40
992 
0 
857 332 30 38
993 
0 
856 330 30 42
994 
0 
859 331 30 42
995 
0 
861 335 28 40
996 
0 
862 337 27 36
997 
0 
860 339 32 38
998 
0 
859 340 31 37
999 
0 
859 341 31 38
1000 
0 
860 346 27 38
1001 
0 
858 347 28 38
1002 
0 
855 347 31 38
1003 
0 
856 347 28 38
1004 
0 
851 348 28 39
1005 
0 
848 348 29 40
1006 
0 
843 348 31 41
1007 
0 
837 352 31 37
1008 
0 
832 354 32 35
1009 
0 
830 354 31 36
1010 
0 
828 354 27 38
1011 
0 
827 354 28 38
1012 
0 
824 353 29 39
1013 
0 
823 354 29 40
1014 
0 
821 353 31 41
1015 
0 
819 353 31 39
1016 
0 
818 355 31 38
1017 
0 
816 355 32 37
1018 
0 
816 355 30 38
1019 
0 
812 355 32 36
1020 
0 
812 355 31 36
1021 
0 
810 355 33 34
1022 
0 
809 354 34 36
1023 
0 
809 352 32 37
1024 
0 
808 352 32 35
1025 
0 
809 350 30 35
1026 
0 
809 347 30 37
1027 
0 
809 340 30 39
1028 
0 
1639 340 26 35
1029 
0 
807 334 31 38
1030 
0 
807 331 29 37
1031 
0 
807 327 28 38
1032 
0 
803 323 26 41
1033 
0 
802 318 29 36
1034 
0 
803 313 27 40
1035 
0 
801 312 28 39
1036 
0 
800 306 28 45
1037 
0 
798 305 30 42
1038 
0 
798 302 30 44
1039 
0 
798 298 30 44
1040 
0 
796 293 32 41
1041 
0 
798 287 30 43
1042 
0 
796 278 30 47
1043 
0 
794 273 32 41
1044 
0 
796 271 32 40
1045 
0 
801 267 29 43
1046 
0 
800 265 30 42
1047 
0 
803 264 28 37
1048 
0 
803 262 28 40
1049 
0 
802 258 28 42
1050 
0 
803 257 27 41
1051 
0 
802 255 28 41
1052 
0 
802 252 30 38
1053 
0 
802 251 30 40
1054 
0 
806 251 29 38
1055 
0 
803 251 29 37
1056 
0 
807 251 28 37
1057 
0 
804 251 27 38
1058 
0 
803 250 28 40
1059 
0 
802 251 29 39
1060 
0 
802 255 29 40
1061 
0 
801 252 29 38
1062 
0 
800 253 30 38
1063 
0 
800 251 29 40
1064 
0 
799 251 29 38
1065 
0 
800 251 29 38
1066 
0 
799 252 29 37
1067 
0 
798 251 30 40
1068 
0 
797 256 30 42
1069 
0 
796 261 30 42
1070 
-2 
0 0 0 0
1071 
-2 
0 0 0 0
1072 
-2 
0 0 0 0
1073 
-2 
0 0 0 0
1074 
-2 
0 0 0 0
1075 
-2 
0 0 0 0
1076 
-2 
0 0 0 0
1077 
-2 
0 0 0 0
1078 
-2 
0 0 0 0
1079 
-2 
0 0 0 0
1080 
0 
786 314 29 44
1081 
0 
785 313 31 44
1082 
0 
786 313 28 40
1083 
0 
785 311 28 41
1084 
0 
785 313 28 39
1085 
0 
785 314 29 37
1086 
0 
785 313 31 38
1087 
0 
787 312 30 40
1088 
0 
787 313 29 40
1089 
0 
786 310 31 45
1090 
0 
788 313 29 43
1091 
0 
787 313 30 44
1092 
0 
785 315 30 43
1093 
0 
786 315 29 42
1094 
0 
784 316 30 41
1095 
0 
777 316 28 42
1096 
0 
776 317 29 42
1097 
0 
776 323 27 41
1098 
0 
774 324 27 41
1099 
0 
771 323 28 41
1100 
0 
767 321 29 44
1101 
0 
768 325 25 38
1102 
0 
763 322 30 43
1103 
0 
762 321 31 44
1104 
0 
762 316 30 44
1105 
0 
760 318 29 39
1106 
0 
758 317 31 40
1107 
0 
755 312 27 40
1108 
0 
754 309 28 43
1109 
0 
752 310 26 40
1110 
0 
748 310 31 39
1111 
0 
745 309 31 39
1112 
0 
743 310 31 36
1113 
0 
742 308 30 37
1114 
0 
739 309 32 35
1115 
0 
740 311 31 34
1116 
0 
739 311 31 38
1117 
0 
737 312 32 36
1118 
0 
736 311 31 37
1119 
0 
735 311 34 34
1120 
0 
735 312 31 37
1121 
0 
734 310 31 38
1122 
0 
735 311 28 37
1123 
0 
735 314 28 35
1124 
0 
731 312 28 40
1125 
0 
730 312 28 40
1126 
0 
730 313 28 39
1127 
0 
728 313 29 39
1128 
0 
726 314 29 38
1129 
0 
726 315 29 37
1130 
0 
725 315 29 37
1131 
0 
724 314 30 38
1132 
0 
724 316 30 38
1133 
0 
724 316 31 39
1134 
0 
724 317 30 37
1135 
0 
724 317 29 38
1136 
0 
724 318 29 37
1137 
0 
723 318 30 37
1138 
0 
723 318 30 38
1139 
0 
722 317 31 41
1140 
0 
722 318 31 40
1141 
0 
724 318 29 39
1142 
0 
724 318 30 39
1143 
0 
726 319 28 38
1144 
0 
726 318 29 41
1145 
0 
724 319 31 40
1146 
0 
725 321 28 43
1147 
0 
726 320 29 37
1148 
0 
728 322 27 41
1149 
0 
729 319 28 39
1150 
0 
730 319 28 38
1151 
0 
731 317 28 42
1152 
0 
734 317 31 41
1153 
0 
730 318 29 39
1154 
0 
730 319 29 37
1155 
0 
735 319 29 38
1156 
0 
736 319 29 38
1157 
0 
736 318 29 41
1158 
0 
736 317 30 41
1159 
0 
736 318 31 38
1160 
0 
737 319 29 37
1161 
0 
739 319 28 37
1162 
0 
739 319 28 38
1163 
0 
739 318 29 38
1164 
0 
740 319 29 37
1165 
0 
740 319 29 36
1166 
0 
740 319 30 35
1167 
0 
740 318 29 36
1168 
0 
741 319 29 35
1169 
0 
742 319 29 34
1170 
0 
742 317 30 36
1171 
0 
741 315 30 39
1172 
0 
744 316 29 36
1173 
0 
744 313 30 38
1174 
0 
744 308 31 38
1175 
0 
745 303 27 36
1176 
0 
747 298 29 36
1177 
0 
747 295 30 39
1178 
0 
747 296 30 37
1179 
0 
748 295 29 38
1180 
0 
747 294 30 38
1181 
0 
747 293 30 38
1182 
0 
746 293 30 38
1183 
0 
745 295 30 37
1184 
0 
742 295 30 37
1185 
0 
739 293 31 38
1186 
0 
737 292 30 38
1187 
0 
735 291 31 37
1188 
0 
734 289 29 41
1189 
0 
729 290 29 44
1190 
0 
726 293 30 40
1191 
0 
726 294 29 38
1192 
0 
726 296 30 37
1193 
0 
727 294 30 38
1194 
0 
730 293 30 38
1195 
0 
736 290 30 41
1196 
0 
739 295 30 34
1197 
0 
744 291 30 39
1198 
0 
747 291 30 40
1199 
0 
748 294 31 36
1200 
0 
747 295 31 40
1201 
0 
749 305 29 42
1202 
0 
747 327 30 42
1203 
0 
751 350 31 49
1204 
0 
751 369 27 47
1205 
0 
751 373 30 49
1206 
0 
753 373 28 50
1207 
0 
752 375 30 54
1208 
0 
751 378 33 50
1209 
0 
753 381 30 49
1210 
0 
751 388 30 45
1211 
0 
749 389 32 47
1212 
0 
752 392 30 48
1213 
0 
752 392 31 48
1214 
0 
754 392 27 50
1215 
0 
754 391 27 48
1216 
0 
754 393 27 51
1217 
0 
753 392 29 50
1218 
0 
753 393 29 50
1219 
0 
754 390 28 51
1220 
0 
752 390 31 48
1221 
0 
753 389 31 50
1222 
0 
753 390 30 48
1223 
0 
754 390 29 47
1224 
0 
754 391 29 47
1225 
0 
754 390 29 46
1226 
0 
753 391 30 45
1227 
0 
754 390 29 49
1228 
0 
755 389 27 47
1229 
0 
754 390 29 47
1230 
0 
754 390 29 45
1231 
0 
749 386 29 39
1232 
0 
749 391 28 41
1233 
0 
749 386 29 40
1234 
0 
749 385 30 41
1235 
0 
748 385 30 42
1236 
0 
750 385 28 39
1237 
0 
749 386 29 38
1238 
0 
749 386 28 39
1239 
0 
751 392 27 38
1240 
0 
751 392 27 38
1241 
0 
752 391 28 39
1242 
0 
751 387 29 38
1243 
0 
752 386 28 39
1244 
0 
752 386 28 38
1245 
0 
752 386 30 39
1246 
0 
754 385 27 38
1247 
0 
760 384 28 37
1248 
0 
760 383 28 36
1249 
0 
759 382 30 38
1250 
0 
759 382 29 38
1251 
0 
760 381 28 37
1252 
0 
759 379 28 39
1253 
0 
759 377 28 38
1254 
0 
755 373 27 40
1255 
0 
752 373 27 40
1256 
0 
750 371 29 41
1257 
0 
748 369 28 42
1258 
0 
748 367 28 42
1259 
0 
747 361 29 37
1260 
0 
746 351 30 41
1261 
0 
747 346 25 39
1262 
0 
744 341 30 36
1263 
0 
739 339 31 37
1264 
0 
738 339 31 36
1265 
0 
736 336 31 37
1266 
0 
735 331 31 38
1267 
0 
738 327 26 37
1268 
0 
737 318 29 37
1269 
0 
735 317 28 37
1270 
0 
735 314 28 40
1271 
0 
731 313 28 40
1272 
0 
732 311 27 41
1273 
0 
731 308 28 41
1274 
0 
731 305 28 40
1275 
0 
728 302 30 41
1276 
0 
727 296 30 38
1277 
0 
725 293 30 38
1278 
0 
721 284 32 41
1279 
0 
716 280 31 41
1280 
0 
714 273 31 41
1281 
0 
713 271 30 40
1282 
0 
712 268 30 37
1283 
0 
713 266 32 35
1284 
0 
716 263 30 37
1285 
0 
720 261 30 39
1286 
0 
726 257 31 42
1287 
0 
733 256 30 41
1288 
0 
738 255 30 39
1289 
0 
743 250 30 40
1290 
0 
747 250 30 39
1291 
0 
758 248 30 43
1292 
-2 
0 0 0 0
1293 
-2 
0 0 0 0
1294 
-2 
0 0 0 0
1295 
-2 
0 0 0 0
1296 
-2 
0 0 0 0
1297 
-2 
0 0 0 0
1298 
-2 
0 0 0 0
1299 
-2 
0 0 0 0
1300 
-2 
0 0 0 0
1301 
-2 
0 0 0 0
1302 
-2 
0 0 0 0
1303 
-2 
0 0 0 0
1304 
-2 
0 0 0 0
1305 
-2 
0 0 0 0
1306 
-2 
0 0 0 0
1307 
-2 
0 0 0 0
1308 
-2 
0 0 0 0
1309 
-2 
0 0 0 0
1310 
-2 
0 0 0 0
1311 
-2 
0 0 0 0
1312 
-2 
0 0 0 0
1313 
-2 
0 0 0 0
1314 
0 
776 224 28 41
1315 
0 
776 224 27 39
1316 
0 
777 223 29 44
1317 
0 
777 224 28 43
1318 
0 
778 225 29 43
1319 
0 
776 225 28 41
1320 
0 
778 227 27 42
1321 
0 
778 230 27 47
1322 
0 
779 232 27 45
1323 
0 
779 234 27 45
1324 
0 
780 237 26 44
1325 
0 
779 237 28 44
1326 
0 
782 239 29 40
1327 
0 
782 241 30 39
1328 
0 
782 241 30 42
1329 
0 
782 243 30 42
1330 
0 
782 243 32 43
1331 
0 
782 245 32 39
1332 
0 
783 245 29 40
1333 
0 
782 245 32 40
1334 
0 
782 246 31 39
1335 
0 
782 247 30 39
1336 
0 
782 248 31 37
1337 
0 
783 247 29 39
1338 
0 
783 247 30 38
1339 
0 
783 247 30 39
1340 
0 
783 247 31 40
1341 
0 
785 248 30 39
1342 
0 
785 249 30 40
1343 
0 
785 250 31 38
1344 
0 
785 250 32 39
1345 
0 
787 251 31 38
1346 
0 
787 252 31 38
1347 
0 
787 257 29 38
1348 
0 
786 260 31 37
1349 
0 
788 263 31 39
1350 
0 
789 267 29 40
1351 
0 
790 273 29 36
1352 
0 
791 273 30 39
1353 
0 
793 277 28 43
1354 
0 
794 281 30 41
1355 
0 
794 285 30 41
1356 
0 
795 292 30 38
1357 
0 
796 300 28 41
1358 
0 
796 307 31 40
1359 
0 
797 316 30 39
1360 
0 
799 324 30 42
1361 
0 
800 330 27 41
1362 
0 
799 339 29 37
1363 
0 
801 345 28 42
1364 
0 
803 352 27 38
1365 
0 
803 358 27 38
1366 
0 
804 368 24 42
1367 
0 
806 373 29 40
1368 
0 
808 376 27 44
1369 
0 
809 383 30 44
1370 
0 
808 396 29 35
1371 
0 
808 398 29 40
1372 
0 
809 402 28 42
1373 
0 
809 404 30 47
1374 
0 
810 414 27 40
1375 
0 
809 417 29 40
1376 
0 
809 419 30 43
1377 
0 
810 425 28 39
1378 
0 
811 426 29 42
1379 
0 
808 429 32 43
1380 
0 
809 439 29 36
1381 
0 
809 440 29 37
1382 
0 
809 442 31 38
1383 
0 
810 444 30 36
1384 
0 
809 445 31 36
1385 
0 
809 447 31 36
1386 
0 
811 449 29 40
1387 
0 
810 452 31 40
1388 
0 
811 457 27 42
1389 
0 
811 459 29 40
1390 
0 
811 461 30 40
1391 
0 
811 463 30 38
1392 
0 
811 464 31 38
1393 
0 
813 466 33 37
1394 
0 
814 468 32 37
1395 
0 
817 465 31 38
1396 
0 
818 462 30 40
1397 
0 
822 458 27 42
1398 
0 
821 454 31 38
1399 
0 
825 452 28 39
1400 
0 
828 445 26 40
1401 
0 
832 441 26 38
1402 
0 
833 439 27 38
1403 
0 
835 435 28 40
1404 
0 
840 435 26 40
1405 
0 
840 432 28 45
1406 
0 
840 433 30 43
1407 
0 
844 433 26 43
1408 
0 
846 434 27 44
1409 
0 
847 434 28 46
1410 
0 
847 436 28 44
1411 
0 
849 437 27 44
1412 
0 
853 439 34 41
1413 
0 
854 439 32 40
1414 
0 
860 441 29 45
1415 
0 
857 437 30 41
1416 
0 
860 435 28 42
1417 
0 
868 435 26 41
1418 
0 
861 425 31 40
1419 
0 
863 421 31 42
1420 
0 
864 418 32 41
1421 
0 
867 414 32 43
1422 
0 
867 405 32 44
1423 
0 
869 403 32 42
1424 
0 
871 397 32 43
1425 
0 
870 392 31 42
1426 
0 
873 389 28 45
1427 
0 
872 383 31 43
1428 
0 
877 375 32 45
1429 
0 
880 372 26 41
1430 
0 
882 364 26 47
1431 
0 
880 352 30 42
1432 
0 
882 338 29 42
1433 
0 
882 326 30 41
1434 
0 
886 313 27 44
1435 
0 
883 306 31 40
1436 
0 
888 294 31 41
1437 
0 
887 282 30 39
1438 
0 
890 270 29 37
1439 
0 
890 257 28 38
1440 
0 
890 249 30 39
1441 
0 
896 239 27 42
1442 
0 
896 235 27 42
1443 
0 
899 233 25 40
1444 
0 
903 225 27 40
1445 
0 
904 221 29 42
1446 
0 
905 221 29 41
1447 
0 
906 219 30 37
1448 
0 
905 219 32 35
1449 
0 
907 215 30 38
1450 
0 
910 213 30 39
1451 
0 
912 211 28 41
1452 
0 
913 212 28 39
1453 
0 
914 213 28 41
1454 
0 
912 217 32 38
1455 
0 
911 216 31 39
1456 
0 
907 216 31 38
1457 
0 
904 216 29 38
1458 
0 
899 215 26 40
1459 
0 
889 213 30 40
1460 
0 
882 215 31 37
1461 
0 
881 213 25 39
1462 
0 
868 210 28 41
1463 
0 
862 207 30 38
1464 
0 
859 204 29 40
1465 
0 
848 206 29 38
1466 
0 
842 206 30 36
1467 
0 
837 204 29 38
1468 
0 
832 203 31 40
1469 
0 
831 202 29 39
1470 
0 
823 203 29 40
1471 
0 
818 204 32 40
1472 
0 
814 205 31 39
1473 
0 
812 205 30 41
1474 
0 
808 214 31 37
1475 
0 
807 217 29 38
1476 
0 
802 218 29 39
1477 
0 
793 218 32 38
1478 
0 
785 218 33 37
1479 
0 
784 217 29 39
1480 
0 
776 215 29 42
1481 
0 
771 213 30 42
1482 
0 
767 216 30 38
1483 
0 
760 216 32 37
1484 
0 
758 214 32 39
1485 
0 
753 212 29 42
1486 
0 
745 212 31 40
1487 
0 
740 213 30 37
1488 
0 
735 211 28 40
1489 
0 
723 210 28 41
1490 
0 
716 203 29 44
1491 
0 
711 205 30 37
1492 
0 
700 203 31 40
1493 
0 
693 202 30 40
1494 
0 
687 199 30 43
1495 
0 
677 195 32 44
1496 
0 
669 195 30 42
1497 
0 
664 193 30 42
1498 
0 
656 190 31 45
1499 
0 
649 190 29 41
1500 
0 
645 189 28 43
1501 
0 
640 180 30 45
1502 
0 
631 181 30 42
1503 
0 
628 179 29 41
1504 
0 
622 178 32 39
1505 
-2 
0 0 0 0
1506 
0 
616 171 29 39
1507 
0 
608 169 31 42
1508 
0 
605 168 30 40
1509 
0 
596 168 32 37
1510 
0 
594 167 28 38
1511 
0 
590 160 32 40
1512 
0 
583 160 30 39
1513 
0 
578 161 33 38
1514 
0 
572 159 33 40
1515 
0 
569 161 31 37
1516 
0 
566 161 31 37
1517 
0 
557 165 31 40
1518 
0 
555 166 30 40
1519 
0 
557 164 30 42
1520 
0 
559 161 32 40
1521 
0 
572 160 29 39
1522 
-2 
0 0 0 0
1523 
-2 
0 0 0 0
1524 
-2 
0 0 0 0
1525 
-2 
0 0 0 0
1526 
-2 
0 0 0 0
1527 
-2 
0 0 0 0
1528 
-2 
0 0 0 0
1529 
-2 
0 0 0 0
1530 
0 
613 203 33 45
1531 
0 
618 216 30 37
1532 
0 
617 221 31 39
1533 
0 
620 227 32 38
1534 
0 
626 233 29 42
1535 
0 
630 238 30 40
1536 
0 
634 243 30 40
1537 
0 
641 246 29 41
1538 
0 
645 250 32 40
1539 
0 
655 257 26 39
1540 
0 
662 260 30 40
1541 
0 
666 263 29 40
1542 
0 
673 266 28 41
1543 
0 
675 270 33 42
1544 
0 
687 278 29 44
1545 
0 
689 281 29 41
1546 
0 
690 281 31 44
1547 
0 
695 285 30 41
1548 
0 
701 286 30 42
1549 
0 
705 288 30 40
1550 
0 
716 290 25 39
1551 
0 
719 292 29 39
1552 
0 
724 293 31 40
1553 
0 
726 295 33 41
1554 
0 
738 299 27 44
1555 
0 
742 301 27 41
1556 
0 
749 301 28 39
1557 
0 
755 302 27 39
1558 
0 
765 303 25 37
1559 
0 
767 296 31 39
1560 
0 
771 297 30 37
1561 
0 
776 295 29 39
1562 
0 
783 293 33 42
1563 
0 
786 295 32 39
1564 
0 
789 294 33 40
1565 
0 
794 296 31 38
1566 
0 
798 295 30 39
1567 
0 
800 296 30 39
1568 
0 
808 295 31 40
1569 
0 
809 295 32 41
1570 
0 
815 296 27 37
1571 
0 
816 296 30 39
1572 
0 
819 297 30 37
1573 
0 
823 296 30 39
1574 
0 
827 300 27 41
1575 
0 
832 294 32 43
1576 
0 
837 301 27 39
1577 
0 
843 301 27 41
1578 
0 
845 302 28 41
1579 
0 
848 305 30 40
1580 
0 
856 307 30 38
1581 
0 
857 308 31 39
1582 
0 
862 309 31 40
1583 
0 
866 311 30 41
1584 
0 
870 312 30 40
1585 
0 
874 315 27 39
1586 
0 
880 315 30 41
1587 
0 
881 316 32 43
1588 
0 
886 317 29 40
1589 
0 
889 318 30 41
1590 
0 
897 321 25 44
1591 
0 
904 323 26 43
1592 
0 
906 324 28 43
1593 
0 
910 323 30 44
1594 
0 
914 323 31 43
1595 
0 
923 324 27 44
1596 
0 
928 327 28 39
1597 
0 
933 326 28 41
1598 
0 
937 325 30 42
1599 
0 
944 324 30 45
1600 
0 
950 323 30 44
1601 
0 
955 324 29 43
1602 
0 
962 318 31 41
1603 
0 
970 316 30 39
1604 
0 
978 312 29 43
1605 
0 
984 310 30 40
1606 
0 
987 309 32 40
1607 
0 
993 307 30 39
1608 
0 
1000 307 28 38
1609 
0 
1003 305 28 36
1610 
0 
1006 298 32 37
1611 
0 
1012 296 30 38
1612 
0 
1024 292 26 40
1613 
0 
1024 288 32 41
1614 
0 
1029 285 32 43
1615 
0 
1039 279 28 48
1616 
0 
1046 279 29 45
1617 
0 
1051 276 27 44
1618 
0 
1052 272 30 39
1619 
0 
1055 268 31 40
1620 
0 
1058 264 31 39
1621 
0 
1064 258 30 43
1622 
0 
1072 254 28 44
1623 
0 
1075 249 30 43
1624 
0 
1079 247 31 41
1625 
0 
1085 246 28 39
1626 
0 
1090 239 29 48
1627 
0 
1094 239 30 42
1628 
0 
1095 236 32 44
1629 
0 
1100 234 29 42
1630 
0 
1105 229 28 47
1631 
0 
1107 228 30 40
1632 
0 
1110 226 29 42
1633 
0 
1113 225 28 41
1634 
0 
1115 224 28 39
1635 
0 
1120 222 27 39
1636 
0 
1121 222 27 37
1637 
0 
1121 219 29 40
1638 
0 
1123 219 30 38
1639 
0 
1125 217 32 39
1640 
0 
1125 217 32 37
1641 
0 
1129 214 31 42
1642 
0 
1129 214 32 40
1643 
0 
1130 214 30 39
1644 
0 
1130 211 30 42
1645 
0 
1128 211 30 42
1646 
0 
1123 215 30 38
1647 
0 
1120 216 28 36
1648 
0 
1113 212 28 45
1649 
0 
1103 215 30 41
1650 
0 
1096 220 30 39
1651 
0 
1084 223 30 38
1652 
0 
1076 223 29 44
1653 
0 
1066 225 30 43
1654 
0 
1059 235 31 41
1655 
0 
1052 240 30 38
1656 
0 
1050 242 27 42
1657 
0 
1040 247 28 40
1658 
0 
1036 249 30 39
1659 
0 
1033 250 30 41
1660 
0 
1028 254 28 43
1661 
0 
1023 256 31 40
1662 
0 
1018 256 29 42
1663 
0 
1012 256 32 45
1664 
0 
1008 260 32 39
1665 
0 
1007 262 32 41
1666 
0 
1005 265 30 37
1667 
0 
1001 266 31 38
1668 
0 
999 267 31 38
1669 
0 
994 268 30 38
1670 
0 
990 267 31 41
1671 
0 
983 269 32 39
1672 
0 
978 268 30 42
1673 
0 
975 270 29 38
1674 
0 
970 270 29 40
1675 
0 
967 271 30 41
1676 
0 
962 273 30 39
1677 
0 
957 272 28 41
1678 
0 
954 276 26 43
1679 
0 
946 277 28 41
1680 
0 
938 277 28 42
1681 
0 
931 281 29 38
1682 
0 
927 281 28 38
1683 
0 
918 279 28 41
1684 
0 
913 279 28 43
1685 
0 
907 283 28 39
1686 
0 
904 285 28 36
1687 
0 
897 284 29 39
1688 
0 
889 285 30 40
1689 
0 
883 288 30 36
1690 
0 
879 286 30 36
1691 
0 
875 284 29 41
1692 
0 
873 281 29 43
1693 
0 
870 279 30 44
1694 
0 
868 277 31 48
1695 
0 
866 277 29 46
1696 
0 
862 279 29 40
1697 
0 
858 279 30 41
1698 
0 
857 277 28 42
1699 
0 
854 272 29 40
1700 
0 
851 266 27 39
1701 
0 
850 252 28 45
1702 
0 
854 250 30 40
1703 
0 
855 250 29 39
1704 
0 
851 254 28 42
1705 
0 
850 261 28 40
1706 
0 
847 268 30 40
1707 
0 
846 271 28 40
1708 
0 
854 270 29 41
1709 
0 
866 271 30 41
1710 
0 
884 274 30 38
1711 
0 
904 281 27 36
1712 
0 
904 285 33 38
1713 
0 
906 309 31 34
1714 
0 
906 345 30 42
1715 
0 
906 379 28 41
1716 
0 
904 399 31 37
1717 
0 
908 401 31 38
1718 
0 
919 400 29 39
1719 
0 
925 402 31 39
1720 
0 
928 404 29 38
1721 
0 
931 407 31 39
1722 
0 
935 408 33 42
1723 
0 
944 412 27 40
1724 
0 
956 412 27 42
1725 
0 
967 409 31 39
1726 
0 
981 408 29 38
1727 
0 
993 403 27 41
1728 
0 
999 402 31 36
1729 
0 
1008 395 29 40
1730 
0 
1018 392 30 40
1731 
0 
1027 386 30 38
1732 
0 
1038 379 31 42
1733 
0 
1049 371 29 43
1734 
0 
1062 361 30 42
1735 
0 
1074 353 30 38
1736 
0 
1091 338 29 38
1737 
0 
1103 326 30 43
1738 
0 
1115 318 29 38
1739 
0 
1124 313 29 40
1740 
0 
1129 305 31 39
1741 
0 
1143 303 28 38
1742 
0 
1150 295 31 40
1743 
0 
1161 291 30 44
1744 
0 
1169 286 32 41
1745 
0 
1178 279 31 46
1746 
0 
1191 276 30 44
1747 
0 
1196 272 32 39
1748 
0 
1205 266 31 41
1749 
0 
1215 263 27 40
1750 
0 
1219 260 28 35
1751 
0 
1227 250 31 40
1752 
0 
1240 245 31 42
1753 
0 
1249 239 30 41
1754 
0 
1263 229 28 47
1755 
0 
1269 223 29 39
1756 
0 
1276 215 32 43
1757 
0 
1285 205 32 42
1758 
0 
1289 199 32 41
1759 
0 
1296 190 30 42
1760 
0 
1304 182 31 39
1761 
0 
1311 172 31 38
1762 
0 
1319 157 33 42
1763 
0 
1326 145 29 42
1764 
0 
1334 131 29 38
1765 
0 
1339 123 28 35
1766 
0 
1341 108 33 36
1767 
0 
1350 99 28 39
1768 
0 
1357 90 31 37
1769 
0 
1359 83 35 35
1770 
0 
1368 75 32 40
1771 
0 
1374 67 33 40
1772 
0 
1386 59 28 42
1773 
0 
1389 54 31 40
1774 
0 
1395 47 34 40
1775 
0 
1406 41 31 41
1776 
0 
1407 38 32 37
1777 
0 
1412 33 29 37
1778 
0 
1413 25 34 40
1779 
0 
1416 20 31 40
1780 
0 
1421 15 28 41
1781 
0 
1425 12 29 39
1782 
0 
1428 10 34 38
1783 
0 
1419 8 41 28
1784 
0 
1423 6 46 23
1785 
0 
1415 6 46 22
1786 
-2 
0 0 0 0
1787 
-2 
0 0 0 0
1788 
-2 
0 0 0 0
1789 
-2 
0 0 0 0
1790 
-1 
0 0 0 0
1791 
-1 
0 0 0 0
1792 
-1 
0 0 0 0
1793 
-1 
0 0 0 0
1794 
-1 
0 0 0 0
1795 
-1 
0 0 0 0
1796 
-1 
0 0 0 0
1797 
-1 
0 0 0 0
1798 
-1 
0 0 0 0
1799 
-1 
0 0 0 0
1800 
-1 
0 0 0 0
1801 
-1 
0 0 0 0
1802 
-1 
0 0 0 0
1803 
-1 
0 0 0 0
1804 
-1 
0 0 0 0
1805 
-1 
0 0 0 0
1806 
-1 
0 0 0 0
1807 
-2 
0 0 0 0
1808 
0 
1311 3 32 37
1809 
0 
1305 6 26 44
1810 
0 
1292 9 29 48
1811 
0 
1282 16 28 48
1812 
0 
1274 20 32 47
1813 
0 
1268 23 31 47
1814 
0 
1263 29 27 45
1815 
0 
1252 31 29 40
1816 
0 
1243 37 33 36
1817 
0 
1238 39 31 35
1818 
0 
1228 40 30 38
1819 
0 
1221 41 32 39
1820 
0 
1215 44 30 38
1821 
0 
1206 46 31 40
1822 
0 
1198 47 34 42
1823 
0 
1191 56 32 38
1824 
0 
1184 59 30 40
1825 
0 
1174 65 33 39
1826 
0 
1166 70 34 42
1827 
0 
1160 81 32 37
1828 
0 
1148 87 34 37
1829 
0 
1136 93 34 37
1830 
0 
1126 101 32 38
1831 
0 
1118 108 32 35
1832 
0 
1108 111 33 38
1833 
0 
1099 116 32 36
1834 
0 
1094 124 31 36
1835 
0 
1081 129 33 40
1836 
0 
1074 135 31 41
1837 
0 
1065 138 31 41
1838 
0 
1055 145 31 43
1839 
0 
1049 152 32 42
1840 
0 
1045 154 33 42
1841 
0 
1038 160 30 41
1842 
0 
1030 169 31 40
1843 
0 
1025 176 30 41
1844 
0 
1017 180 32 42
1845 
0 
1010 186 30 44
1846 
0 
1003 190 30 42
1847 
0 
997 194 35 41
1848 
0 
995 196 35 43
1849 
0 
990 200 31 43
1850 
0 
987 204 31 40
1851 
0 
985 209 28 42
1852 
0 
978 216 29 38
1853 
0 
975 219 29 39
1854 
0 
970 222 29 39
1855 
0 
966 225 29 39
1856 
0 
961 227 31 41
1857 
0 
955 232 28 45
1858 
0 
950 238 32 41
1859 
0 
946 243 28 41
1860 
0 
939 250 31 38
1861 
0 
933 252 32 37
1862 
0 
927 259 31 38
1863 
0 
924 264 27 37
1864 
0 
916 269 30 38
1865 
0 
909 274 31 39
1866 
0 
904 282 30 40
1867 
0 
902 288 30 40
1868 
0 
894 296 29 37
1869 
0 
887 304 31 38
1870 
0 
884 312 32 40
1871 
0 
880 316 32 42
1872 
0 
878 325 30 41
1873 
0 
876 332 33 42
1874 
0 
871 340 31 38
1875 
0 
867 346 30 41
1876 
0 
865 351 33 39
1877 
0 
862 355 33 40
1878 
0 
861 362 32 37
1879 
0 
859 364 30 39
1880 
0 
856 371 29 39
1881 
0 
855 377 28 36
1882 
0 
854 380 30 38
1883 
0 
850 386 28 36
1884 
0 
851 387 28 36
1885 
0 
856 396 27 35
1886 
0 
856 398 30 36
1887 
0 
859 400 32 37
1888 
0 
872 402 28 41
1889 
0 
878 402 29 40
1890 
0 
881 404 29 40
1891 
0 
885 407 29 38
1892 
0 
889 406 30 40
1893 
0 
893 404 29 39
1894 
0 
900 400 27 38
1895 
0 
903 398 28 35
1896 
0 
903 395 30 38
1897 
0 
906 395 28 36
1898 
0 
909 386 30 37
1899 
0 
915 383 31 38
1900 
0 
917 378 31 42
1901 
0 
920 376 29 44
1902 
0 
921 372 28 43
1903 
0 
920 368 29 42
1904 
0 
920 364 29 39
1905 
0 
919 362 30 38
1906 
0 
918 361 30 37
1907 
0 
917 361 30 37
1908 
0 
916 362 30 36
1909 
0 
916 362 30 38
1910 
0 
917 363 29 38
1911 
0 
916 363 30 40
1912 
0 
916 364 32 39
1913 
0 
917 363 31 41
1914 
0 
919 364 29 39
1915 
0 
919 364 29 39
1916 
0 
920 365 29 45
1917 
0 
921 363 29 40
1918 
0 
920 362 31 42
1919 
0 
921 362 30 41
1920 
0 
923 360 29 42
1921 
0 
926 358 29 44
1922 
0 
923 358 28 42
1923 
0 
923 357 27 43
1924 
0 
922 356 28 43
1925 
0 
918 354 31 44
1926 
0 
917 353 32 42
1927 
0 
917 351 30 39
1928 
0 
914 348 31 39
1929 
0 
913 346 33 39
1930 
0 
912 342 33 39
1931 
0 
912 342 33 38
1932 
0 
912 341 32 38
1933 
0 
911 338 30 38
1934 
0 
908 332 31 40
1935 
0 
909 329 30 41
1936 
0 
907 328 30 41
1937 
0 
907 325 28 40
1938 
0 
907 322 30 41
1939 
0 
906 320 29 44
1940 
0 
905 317 31 42
1941 
0 
903 318 29 40
1942 
0 
902 318 29 38
1943 
0 
902 316 30 39
1944 
0 
903 315 29 39
1945 
0 
903 313 31 39
1946 
0 
905 314 32 36
1947 
0 
907 313 32 37
1948 
0 
907 310 31 37
1949 
0 
907 309 31 37
1950 
0 
906 307 32 38
1951 
0 
906 308 33 36
1952 
0 
908 304 30 38
1953 
0 
907 303 32 41
1954 
0 
910 301 31 40
1955 
0 
913 299 33 43
1956 
0 
915 301 31 42
1957 
0 
916 301 30 38
1958 
0 
916 301 30 37
1959 
0 
918 298 31 38
1960 
0 
920 298 31 37
1961 
0 
920 296 33 40
1962 
0 
921 296 31 40
1963 
0 
922 297 30 38
1964 
0 
927 300 29 39
1965 
0 
926 300 30 39
1966 
0 
927 301 29 38
1967 
0 
926 304 30 36
1968 
0 
926 307 30 39
1969 
0 
926 311 31 39
1970 
0 
927 312 30 38
1971 
0 
927 310 31 36
1972 
0 
929 312 30 34
1973 
0 
928 310 31 37
1974 
0 
928 312 30 37
1975 
0 
929 314 29 41
1976 
0 
928 318 28 39
