1 
0 
903 505 48 56
2 
0 
903 505 48 56
3 
0 
905 507 48 52
4 
0 
911 511 42 45
5 
0 
912 505 47 51
6 
0 
919 501 45 54
7 
0 
925 503 36 48
8 
0 
925 496 43 54
9 
0 
928 495 43 56
10 
0 
933 494 38 46
11 
0 
935 494 40 42
12 
0 
939 495 37 40
13 
0 
941 492 38 44
14 
0 
945 490 41 43
15 
0 
947 489 39 43
16 
0 
948 488 36 44
17 
0 
947 487 38 45
18 
0 
945 487 40 44
19 
0 
946 488 39 44
20 
0 
947 487 37 44
21 
0 
947 488 38 45
22 
0 
948 490 36 44
23 
0 
948 492 35 44
24 
0 
948 500 35 48
25 
0 
950 508 30 42
26 
0 
947 510 36 45
27 
0 
947 511 37 45
28 
0 
951 518 31 42
29 
0 
949 518 36 41
30 
0 
948 523 37 47
31 
0 
951 530 32 42
32 
0 
948 533 36 43
33 
0 
950 538 33 45
34 
0 
951 545 31 50
35 
0 
950 554 30 46
36 
0 
951 560 28 46
37 
0 
951 566 28 41
38 
0 
952 569 26 46
39 
0 
951 570 28 48
40 
0 
950 573 30 51
41 
0 
949 579 32 44
42 
0 
945 582 31 43
43 
0 
943 586 31 43
44 
0 
941 592 28 44
45 
0 
933 594 29 43
46 
0 
930 596 28 42
47 
0 
907 601 33 40
48 
0 
905 609 28 43
49 
0 
891 616 31 39
50 
0 
884 615 31 43
51 
0 
879 610 30 40
52 
0 
872 606 29 43
53 
0 
864 606 32 43
54 
0 
864 607 30 43
55 
0 
857 601 29 38
56 
0 
861 595 29 40
57 
0 
862 586 28 43
58 
0 
865 584 28 42
59 
0 
868 578 25 40
60 
-2 
0 0 0 0
61 
-2 
0 0 0 0
62 
-1 
0 0 0 0
63 
-1 
0 0 0 0
64 
-1 
0 0 0 0
65 
-1 
0 0 0 0
66 
-1 
0 0 0 0
67 
-1 
0 0 0 0
68 
-1 
0 0 0 0
69 
-1 
0 0 0 0
70 
-1 
0 0 0 0
71 
-1 
0 0 0 0
72 
-1 
0 0 0 0
73 
-1 
0 0 0 0
74 
-1 
0 0 0 0
75 
-1 
0 0 0 0
76 
-1 
0 0 0 0
77 
-1 
0 0 0 0
78 
-1 
0 0 0 0
79 
-1 
0 0 0 0
80 
-1 
0 0 0 0
81 
-1 
0 0 0 0
82 
-1 
0 0 0 0
83 
-1 
0 0 0 0
84 
-1 
0 0 0 0
85 
-1 
0 0 0 0
86 
-1 
0 0 0 0
87 
-1 
0 0 0 0
88 
-1 
0 0 0 0
89 
-1 
0 0 0 0
90 
-1 
0 0 0 0
91 
-1 
0 0 0 0
92 
-1 
0 0 0 0
93 
-1 
0 0 0 0
94 
-1 
0 0 0 0
95 
-1 
0 0 0 0
96 
-1 
0 0 0 0
97 
-1 
0 0 0 0
98 
-2 
0 0 0 0
99 
-2 
0 0 0 0
100 
-2 
0 0 0 0
101 
-2 
0 0 0 0
102 
-2 
0 0 0 0
103 
-1 
0 0 0 0
104 
-1 
0 0 0 0
105 
-1 
0 0 0 0
106 
-1 
0 0 0 0
107 
-1 
0 0 0 0
108 
-1 
0 0 0 0
109 
-1 
0 0 0 0
110 
-1 
0 0 0 0
111 
-1 
0 0 0 0
112 
-1 
0 0 0 0
113 
-1 
0 0 0 0
114 
-2 
0 0 0 0
115 
-2 
0 0 0 0
116 
-2 
0 0 0 0
117 
-1 
0 0 0 0
118 
-1 
0 0 0 0
119 
-1 
0 0 0 0
120 
-1 
0 0 0 0
121 
-1 
0 0 0 0
122 
-1 
0 0 0 0
123 
-1 
0 0 0 0
124 
-1 
0 0 0 0
125 
-1 
0 0 0 0
126 
-1 
0 0 0 0
127 
-1 
0 0 0 0
128 
-1 
0 0 0 0
129 
-1 
0 0 0 0
130 
-1 
0 0 0 0
131 
-1 
0 0 0 0
132 
-1 
0 0 0 0
133 
-1 
0 0 0 0
134 
-1 
0 0 0 0
135 
-1 
0 0 0 0
136 
-1 
0 0 0 0
137 
-1 
0 0 0 0
138 
-1 
0 0 0 0
139 
-1 
0 0 0 0
140 
-1 
0 0 0 0
141 
-1 
0 0 0 0
142 
-1 
0 0 0 0
143 
-1 
0 0 0 0
144 
-1 
0 0 0 0
145 
-1 
0 0 0 0
146 
-1 
0 0 0 0
147 
-1 
0 0 0 0
148 
-1 
0 0 0 0
149 
-1 
0 0 0 0
150 
-1 
0 0 0 0
151 
-1 
0 0 0 0
152 
-1 
0 0 0 0
153 
-1 
0 0 0 0
154 
-1 
0 0 0 0
155 
-1 
0 0 0 0
156 
-1 
0 0 0 0
157 
-1 
0 0 0 0
158 
-1 
0 0 0 0
159 
-1 
0 0 0 0
160 
-1 
0 0 0 0
161 
-1 
0 0 0 0
162 
-1 
0 0 0 0
163 
-1 
0 0 0 0
164 
-1 
0 0 0 0
165 
-1 
0 0 0 0
166 
-1 
0 0 0 0
167 
-1 
0 0 0 0
168 
-1 
0 0 0 0
169 
-1 
0 0 0 0
170 
-1 
0 0 0 0
171 
-1 
0 0 0 0
172 
-1 
0 0 0 0
173 
-1 
0 0 0 0
174 
-1 
0 0 0 0
175 
-1 
0 0 0 0
176 
-1 
0 0 0 0
177 
-1 
0 0 0 0
178 
-1 
0 0 0 0
179 
-1 
0 0 0 0
180 
-1 
0 0 0 0
181 
-1 
0 0 0 0
182 
-1 
0 0 0 0
183 
-1 
0 0 0 0
184 
-1 
0 0 0 0
185 
-1 
0 0 0 0
186 
-1 
0 0 0 0
187 
-1 
0 0 0 0
188 
-1 
0 0 0 0
189 
-1 
0 0 0 0
190 
-1 
0 0 0 0
191 
-1 
0 0 0 0
192 
-1 
0 0 0 0
193 
-1 
0 0 0 0
194 
-1 
0 0 0 0
195 
-1 
0 0 0 0
196 
-1 
0 0 0 0
197 
-1 
0 0 0 0
198 
-1 
0 0 0 0
199 
-1 
0 0 0 0
200 
-1 
0 0 0 0
201 
-1 
0 0 0 0
202 
-1 
0 0 0 0
203 
-1 
0 0 0 0
204 
-1 
0 0 0 0
205 
-1 
0 0 0 0
206 
-1 
0 0 0 0
207 
-1 
0 0 0 0
208 
-1 
0 0 0 0
209 
-1 
0 0 0 0
210 
-1 
0 0 0 0
211 
-1 
0 0 0 0
212 
-1 
0 0 0 0
213 
-1 
0 0 0 0
214 
-1 
0 0 0 0
215 
-1 
0 0 0 0
216 
-1 
0 0 0 0
217 
-1 
0 0 0 0
218 
-1 
0 0 0 0
219 
-1 
0 0 0 0
220 
-1 
0 0 0 0
221 
-1 
0 0 0 0
222 
-1 
0 0 0 0
223 
-1 
0 0 0 0
224 
-1 
0 0 0 0
225 
-1 
0 0 0 0
226 
-1 
0 0 0 0
227 
-1 
0 0 0 0
228 
-1 
0 0 0 0
229 
-1 
0 0 0 0
230 
-1 
0 0 0 0
231 
-1 
0 0 0 0
232 
-1 
0 0 0 0
233 
-1 
0 0 0 0
234 
-1 
0 0 0 0
235 
-1 
0 0 0 0
236 
-1 
0 0 0 0
237 
-1 
0 0 0 0
238 
-1 
0 0 0 0
239 
0 
723 219 25 41
240 
0 
714 219 27 43
241 
0 
712 222 29 43
242 
0 
715 221 25 41
243 
0 
714 222 25 41
244 
0 
704 217 31 46
245 
0 
706 219 30 44
246 
0 
707 222 27 43
247 
0 
705 232 28 43
248 
0 
705 237 28 46
249 
0 
698 238 28 42
250 
0 
691 235 26 44
251 
0 
678 228 28 41
252 
0 
658 222 29 44
253 
0 
643 219 26 44
254 
0 
628 216 27 45
255 
0 
609 210 28 49
256 
0 
598 206 26 51
257 
0 
588 202 26 45
258 
0 
576 199 27 41
259 
0 
571 196 30 44
260 
0 
574 199 28 42
261 
0 
574 194 27 45
262 
0 
583 190 24 45
263 
0 
599 190 22 42
264 
0 
616 190 28 43
265 
0 
633 189 29 46
266 
0 
651 189 29 44
267 
0 
667 190 28 44
268 
0 
683 188 27 45
269 
0 
696 188 28 45
270 
0 
707 190 28 46
271 
0 
711 198 32 42
272 
0 
717 204 30 40
273 
0 
723 209 27 43
274 
0 
727 221 30 40
275 
0 
730 229 28 40
276 
0 
723 240 40 40
277 
0 
737 251 29 38
278 
0 
737 267 33 39
279 
0 
740 285 29 41
280 
0 
737 300 35 45
281 
0 
740 325 28 42
282 
0 
738 351 32 42
283 
0 
741 375 28 40
284 
0 
739 383 32 39
285 
0 
744 386 27 38
286 
0 
740 385 34 42
287 
0 
740 395 35 42
288 
0 
741 399 34 42
289 
0 
742 400 34 43
290 
0 
742 401 33 42
291 
0 
743 400 34 44
292 
0 
743 399 33 44
293 
0 
745 403 23 40
294 
0 
741 407 26 36
295 
0 
736 411 31 49
296 
0 
736 419 31 41
297 
0 
738 420 32 43
298 
0 
740 421 32 42
299 
0 
745 425 30 40
300 
0 
749 434 28 37
301 
0 
751 438 27 40
302 
0 
750 442 32 42
303 
0 
756 442 34 42
304 
0 
758 443 33 44
305 
0 
763 448 29 38
306 
0 
768 449 30 39
307 
0 
776 457 26 42
308 
0 
777 457 29 46
309 
0 
783 462 32 43
310 
0 
786 467 32 41
311 
0 
788 473 31 37
312 
0 
793 477 30 36
313 
0 
797 479 30 47
314 
0 
799 482 31 48
315 
0 
806 487 32 39
316 
0 
807 487 34 43
317 
0 
812 491 30 39
318 
0 
817 491 29 43
319 
0 
823 499 26 39
320 
0 
825 497 26 41
321 
0 
832 497 28 41
322 
0 
832 503 30 45
323 
0 
837 507 25 42
324 
0 
837 508 28 43
325 
0 
841 511 25 39
326 
0 
840 514 32 39
327 
0 
842 515 29 39
328 
0 
844 521 31 40
329 
0 
845 522 29 39
330 
0 
845 523 29 37
331 
0 
843 523 30 37
332 
0 
842 522 30 37
333 
0 
839 521 31 38
334 
0 
837 519 33 37
335 
0 
837 517 32 39
336 
0 
837 517 32 38
337 
0 
836 520 32 35
338 
0 
836 520 30 37
339 
0 
835 516 31 37
340 
0 
834 516 32 39
341 
0 
834 517 32 37
342 
0 
836 523 31 35
343 
0 
835 522 31 37
344 
0 
837 516 29 37
345 
0 
837 516 30 38
346 
0 
836 515 31 37
347 
0 
837 512 29 40
348 
0 
836 511 31 41
349 
0 
837 511 28 39
350 
0 
835 511 30 38
351 
0 
835 509 28 40
352 
0 
834 505 31 44
353 
0 
833 503 31 44
354 
0 
835 503 29 42
355 
0 
837 494 28 42
356 
0 
836 494 31 39
357 
0 
838 492 30 40
358 
0 
839 491 32 41
359 
0 
841 489 31 44
360 
0 
845 490 27 42
361 
0 
844 489 31 42
362 
0 
847 488 30 42
363 
0 
849 486 29 45
364 
0 
853 486 33 41
365 
0 
854 483 33 43
366 
0 
854 482 34 43
367 
0 
858 483 32 41
368 
0 
862 481 29 44
369 
0 
864 481 33 43
370 
0 
869 480 31 44
371 
0 
873 479 31 45
372 
0 
882 475 28 36
373 
0 
883 473 31 38
374 
0 
888 470 29 41
375 
0 
893 469 28 43
376 
0 
895 468 27 43
377 
0 
897 467 28 44
378 
0 
901 467 34 42
379 
0 
904 468 33 39
380 
0 
908 467 29 39
381 
0 
913 467 26 41
382 
0 
915 466 30 42
383 
0 
917 465 32 44
384 
0 
918 465 32 45
385 
0 
923 466 36 41
386 
0 
927 465 32 41
387 
0 
929 465 31 42
388 
0 
930 465 31 43
389 
0 
930 466 33 42
390 
0 
932 470 29 38
391 
0 
931 472 31 37
392 
0 
930 472 33 37
393 
0 
935 477 28 36
394 
0 
937 478 27 35
395 
0 
933 472 33 38
396 
0 
939 479 28 36
397 
0 
939 479 28 36
398 
0 
940 480 28 35
399 
0 
939 481 28 37
400 
0 
942 482 26 37
401 
0 
943 482 26 38
402 
0 
943 483 27 37
403 
0 
943 483 28 37
404 
0 
944 484 30 35
405 
0 
943 483 30 37
406 
0 
943 486 30 34
407 
0 
945 486 28 35
408 
0 
948 485 25 36
409 
0 
949 486 25 36
410 
0 
949 488 25 35
411 
0 
950 489 24 33
412 
0 
951 487 26 35
413 
0 
951 489 27 34
414 
0 
951 488 28 36
415 
0 
951 489 29 35
416 
0 
951 489 31 36
417 
0 
952 490 31 34
418 
0 
953 491 30 34
419 
0 
954 491 30 35
420 
0 
955 491 30 34
421 
0 
957 491 30 36
422 
0 
957 492 30 35
423 
0 
959 491 30 36
424 
0 
960 493 30 35
425 
0 
960 492 31 36
426 
0 
960 492 32 36
427 
0 
962 490 32 38
428 
0 
965 491 31 38
429 
0 
964 489 30 38
430 
0 
965 488 31 38
431 
0 
969 490 28 36
432 
0 
969 489 28 37
433 
0 
971 488 26 35
434 
0 
970 487 28 36
435 
0 
970 487 28 36
436 
0 
972 485 27 37
437 
0 
973 484 26 36
438 
0 
973 485 26 35
439 
0 
976 481 25 37
440 
0 
973 479 26 35
441 
0 
973 478 26 37
442 
0 
973 479 26 34
443 
0 
973 477 26 37
444 
0 
965 469 36 42
445 
0 
967 468 35 43
446 
0 
967 466 34 46
447 
0 
966 465 34 44
448 
0 
966 465 35 41
449 
0 
966 463 34 44
450 
0 
966 462 35 43
451 
0 
966 459 36 44
452 
0 
966 458 35 44
453 
0 
967 456 33 46
454 
0 
966 455 34 47
455 
0 
965 452 35 43
456 
0 
965 451 34 42
457 
0 
966 450 29 40
458 
0 
964 448 35 43
459 
0 
965 448 34 43
460 
0 
965 447 31 43
461 
0 
964 446 33 42
462 
0 
964 444 34 42
463 
0 
963 445 33 40
464 
0 
963 443 32 41
465 
0 
962 442 31 40
466 
0 
962 439 28 46
467 
0 
959 439 30 43
468 
0 
960 439 30 42
469 
0 
961 437 29 44
470 
0 
959 437 30 43
471 
0 
959 434 33 46
472 
0 
961 433 31 48
473 
0 
964 437 25 37
474 
0 
963 436 25 37
475 
0 
962 434 27 36
476 
0 
961 433 28 37
477 
0 
960 433 28 35
478 
0 
958 427 30 38
479 
0 
955 426 31 40
480 
0 
954 426 33 39
481 
0 
956 424 31 41
482 
0 
955 423 34 40
483 
0 
955 423 35 40
484 
0 
956 422 33 41
485 
0 
956 422 34 41
486 
0 
957 421 31 40
487 
0 
958 420 31 42
488 
0 
960 426 30 36
489 
0 
961 426 29 36
490 
0 
962 419 27 43
491 
0 
961 419 29 42
492 
0 
960 418 32 42
493 
0 
962 418 31 43
494 
0 
960 419 32 41
495 
0 
967 423 29 37
496 
0 
963 418 33 43
497 
0 
964 419 33 42
498 
0 
967 420 30 43
499 
0 
967 419 31 45
500 
0 
968 420 29 45
501 
0 
966 421 32 43
502 
0 
967 422 29 43
503 
0 
967 422 26 43
504 
0 
966 422 28 43
505 
0 
967 423 26 41
506 
0 
964 423 31 42
507 
0 
961 425 30 41
508 
0 
952 428 35 37
509 
0 
949 429 34 37
510 
0 
942 430 30 40
511 
0 
941 431 30 38
512 
0 
939 431 31 36
513 
0 
938 431 32 35
514 
0 
938 431 32 37
515 
0 
937 431 32 36
516 
0 
937 432 33 36
517 
0 
937 432 34 37
518 
0 
942 437 25 36
519 
0 
937 433 33 35
520 
0 
937 432 32 37
521 
0 
937 434 32 44
522 
0 
936 434 30 45
523 
0 
936 434 30 47
524 
0 
935 436 30 45
525 
0 
934 436 33 44
526 
0 
935 435 31 46
527 
0 
934 434 32 46
528 
0 
934 434 31 46
529 
0 
934 435 33 44
530 
0 
934 435 32 44
531 
0 
937 434 31 45
532 
0 
939 433 31 46
533 
0 
940 434 30 45
534 
0 
940 433 34 45
535 
0 
940 431 33 39
536 
0 
941 430 33 41
537 
0 
941 430 34 42
538 
0 
942 431 31 39
539 
0 
940 431 33 39
540 
0 
942 430 31 40
541 
0 
940 430 33 39
542 
0 
937 429 34 39
543 
0 
938 428 33 39
544 
0 
938 427 32 40
545 
0 
937 428 33 39
546 
0 
937 428 32 39
547 
0 
936 429 33 37
548 
0 
935 429 32 37
549 
0 
935 428 30 37
550 
0 
931 428 33 36
551 
0 
931 426 32 38
552 
0 
930 425 31 39
553 
0 
928 423 32 41
554 
0 
927 422 32 42
555 
0 
928 421 29 41
556 
0 
928 420 28 44
557 
0 
921 419 30 44
558 
0 
919 417 33 43
559 
0 
918 416 32 45
560 
0 
918 414 31 44
561 
0 
918 412 34 45
562 
0 
917 411 34 46
563 
0 
916 411 34 46
564 
0 
915 408 34 40
565 
0 
915 408 33 39
566 
0 
913 408 34 38
567 
0 
913 407 34 38
568 
0 
912 404 36 41
569 
0 
915 404 33 41
570 
0 
916 403 30 41
571 
0 
918 399 33 44
572 
0 
919 398 33 45
573 
0 
925 396 33 42
574 
0 
925 396 34 41
575 
0 
925 396 33 41
576 
0 
925 396 33 42
577 
0 
924 397 35 41
578 
0 
924 397 35 43
579 
0 
924 398 34 41
580 
0 
924 399 34 43
581 
0 
925 401 33 41
582 
0 
926 405 32 39
583 
0 
926 408 32 40
584 
0 
923 412 36 45
585 
0 
925 413 33 45
586 
0 
923 417 38 40
587 
0 
925 419 34 41
588 
0 
925 420 33 40
589 
0 
925 420 33 41
590 
0 
925 420 33 40
591 
0 
926 426 30 37
592 
0 
925 419 33 43
593 
0 
926 420 32 41
594 
0 
925 420 32 42
595 
0 
925 423 32 39
596 
0 
925 422 32 41
597 
0 
926 424 30 40
598 
0 
920 428 29 39
599 
0 
919 427 33 41
600 
0 
920 429 30 40
601 
0 
920 430 30 41
602 
0 
918 432 35 47
603 
0 
917 433 37 45
604 
0 
917 435 36 44
605 
0 
918 438 33 42
606 
0 
917 440 34 42
607 
0 
918 440 33 44
608 
0 
919 441 32 45
609 
0 
919 443 32 45
610 
0 
920 444 33 46
611 
0 
921 446 32 44
612 
0 
925 448 32 40
613 
0 
925 450 36 38
614 
0 
932 452 30 37
615 
0 
934 453 36 37
616 
0 
945 451 30 43
617 
0 
956 455 31 35
618 
0 
967 455 33 47
619 
0 
981 456 31 48
620 
0 
990 455 36 47
621 
0 
1009 456 29 47
622 
0 
1023 456 32 47
623 
0 
1038 455 33 47
624 
0 
1054 456 31 47
625 
0 
1071 452 32 40
626 
0 
1079 452 34 38
627 
0 
1094 450 32 37
628 
0 
1099 449 32 38
629 
0 
1106 447 28 42
630 
0 
1112 444 30 45
631 
0 
1119 440 33 45
632 
0 
1124 441 32 42
633 
0 
1133 434 32 46
634 
0 
1143 437 26 36
635 
0 
1143 424 32 41
636 
0 
1148 420 30 42
637 
0 
1152 413 32 45
638 
0 
1158 403 33 43
639 
0 
1165 394 36 44
640 
0 
1171 387 34 36
641 
0 
1175 382 33 39
642 
0 
1181 378 32 42
643 
0 
1188 371 35 42
644 
0 
1193 368 32 45
645 
0 
1199 360 32 39
646 
0 
1208 353 32 46
647 
0 
1221 349 30 45
648 
0 
1231 347 30 44
649 
0 
1243 347 31 45
650 
0 
1253 350 31 43
651 
0 
1264 351 33 42
652 
0 
1272 353 32 42
653 
0 
1279 352 31 43
654 
0 
1290 350 33 43
655 
0 
1302 347 32 42
656 
0 
1317 345 36 45
657 
0 
1338 347 33 45
658 
0 
1352 347 32 45
659 
0 
1366 351 31 43
660 
0 
1380 354 34 41
661 
0 
1391 355 33 42
662 
0 
1403 350 37 43
663 
0 
1413 341 36 40
664 
0 
1423 335 32 43
665 
0 
1430 332 35 42
666 
0 
1437 333 33 42
667 
0 
1436 335 32 41
668 
0 
1424 332 33 46
669 
0 
1415 329 30 44
670 
0 
1413 313 33 42
671 
0 
1419 295 32 40
672 
0 
1422 278 37 48
673 
0 
1435 267 30 43
674 
0 
1441 262 30 44
675 
0 
1444 261 34 43
676 
0 
1436 260 33 45
677 
0 
1418 261 34 43
678 
0 
1394 266 27 41
679 
0 
1367 265 33 44
680 
0 
1353 264 31 46
681 
0 
1342 261 33 45
682 
0 
1336 259 32 45
683 
0 
1323 259 30 44
684 
0 
1312 262 34 44
685 
0 
1302 269 32 43
686 
0 
1292 288 34 41
687 
0 
1279 305 30 45
688 
0 
1253 322 37 47
689 
0 
1225 336 35 43
690 
0 
1195 348 32 43
691 
0 
1166 353 33 40
692 
0 
1133 354 36 45
693 
0 
1106 356 35 43
694 
0 
1084 357 33 44
695 
0 
1063 360 34 47
696 
0 
1049 371 32 47
697 
0 
1027 386 36 40
698 
0 
1008 400 32 44
699 
0 
987 413 30 46
700 
0 
962 421 33 43
701 
0 
939 422 34 44
702 
0 
917 422 33 45
703 
0 
898 420 37 42
704 
0 
880 418 37 45
705 
0 
863 420 37 39
706 
0 
844 414 37 44
707 
0 
820 405 37 45
708 
0 
789 399 39 45
709 
0 
755 389 40 45
710 
0 
717 384 39 39
711 
0 
685 377 36 43
712 
0 
659 373 40 42
713 
0 
636 363 37 42
714 
0 
614 358 35 40
715 
0 
590 351 33 46
716 
0 
563 352 39 41
717 
0 
540 354 41 40
718 
0 
519 356 41 42
719 
0 
498 361 47 39
720 
0 
489 361 40 40
721 
0 
473 363 38 40
722 
0 
458 368 40 43
723 
0 
449 375 37 42
724 
0 
435 388 41 44
725 
0 
425 403 41 42
726 
0 
415 410 48 55
727 
0 
406 430 37 38
728 
0 
399 440 38 43
729 
0 
394 450 37 43
730 
0 
388 467 38 43
731 
0 
390 486 37 44
732 
0 
401 507 36 44
733 
0 
409 527 38 42
734 
0 
427 542 36 37
735 
0 
451 558 34 43
736 
0 
474 575 34 41
737 
0 
496 587 41 39
738 
0 
526 600 32 42
739 
0 
552 609 36 37
740 
0 
587 619 38 40
741 
0 
619 624 33 44
742 
0 
649 632 42 42
743 
0 
692 640 36 43
744 
0 
736 646 37 40
745 
0 
782 648 39 41
746 
0 
828 652 37 37
747 
0 
876 666 10 13
748 
0 
901 659 34 45
749 
0 
928 662 33 43
750 
0 
958 663 31 41
751 
0 
995 669 26 38
752 
0 
1022 665 33 37
753 
0 
1056 661 31 45
754 
0 
1085 657 39 48
755 
0 
1130 659 29 36
756 
0 
1165 647 36 42
757 
0 
1203 638 36 45
758 
0 
1247 626 29 41
759 
0 
1286 614 35 45
760 
0 
1326 602 29 41
761 
0 
1358 584 37 37
762 
0 
1392 569 30 45
763 
0 
1419 552 33 42
764 
0 
1446 538 30 40
765 
0 
1470 523 36 45
766 
0 
1496 511 32 45
767 
0 
1523 496 35 43
768 
0 
1537 487 43 42
769 
0 
1557 475 37 36
770 
0 
1574 464 34 41
771 
0 
1589 457 25 40
772 
0 
1591 441 44 41
773 
0 
1602 431 39 38
774 
0 
1610 424 39 41
775 
0 
1617 417 41 42
776 
0 
1629 414 29 43
777 
0 
1628 407 34 37
778 
0 
1624 405 35 36
779 
0 
1624 401 33 41
780 
0 
1618 399 39 44
781 
0 
1610 398 39 42
782 
0 
1604 395 33 42
783 
0 
1593 394 40 40
784 
0 
1585 390 33 43
785 
0 
1573 386 39 40
786 
0 
1564 385 33 40
787 
0 
1555 385 31 37
788 
0 
1541 379 31 44
789 
0 
1524 377 35 43
790 
0 
1506 368 31 47
791 
0 
1488 365 29 39
792 
0 
1465 357 30 41
793 
0 
1443 352 36 45
794 
0 
1419 353 40 41
795 
0 
1403 346 38 41
796 
0 
1382 341 36 38
797 
0 
1356 337 36 38
798 
0 
1325 331 38 45
799 
0 
1295 325 34 44
800 
0 
1265 316 36 42
801 
0 
1237 311 34 40
802 
0 
1210 303 39 44
803 
0 
1191 296 33 38
804 
0 
1166 288 35 41
805 
0 
1147 281 31 45
806 
0 
1132 277 28 35
807 
0 
1108 262 32 44
808 
0 
1096 256 30 44
809 
0 
1079 248 34 38
810 
0 
1071 240 33 42
811 
0 
1058 233 33 45
812 
0 
1049 226 32 38
813 
0 
1035 222 30 43
814 
0 
1023 223 31 37
815 
0 
1006 220 28 42
816 
0 
986 222 34 42
817 
0 
974 221 31 42
818 
0 
954 223 32 41
819 
0 
937 225 33 40
820 
0 
920 224 31 45
821 
0 
907 231 25 48
822 
0 
886 236 28 45
823 
0 
862 245 35 41
824 
0 
846 250 30 40
825 
0 
830 258 33 43
826 
0 
814 260 26 44
827 
0 
795 263 33 44
828 
0 
783 261 31 45
829 
0 
764 263 34 43
830 
0 
751 262 34 46
831 
0 
740 262 30 43
832 
0 
727 261 33 44
833 
0 
715 259 35 43
834 
0 
710 255 34 45
835 
0 
699 251 36 40
836 
0 
691 246 32 39
837 
0 
684 235 37 46
838 
0 
676 229 35 48
839 
0 
666 220 34 43
840 
0 
661 215 34 44
841 
0 
651 208 33 48
842 
0 
642 202 34 39
843 
0 
638 194 32 46
844 
0 
635 189 37 47
845 
0 
638 181 32 43
846 
0 
639 176 33 42
847 
0 
642 170 34 44
848 
0 
650 168 34 44
849 
0 
663 164 33 48
850 
0 
676 163 31 46
851 
0 
689 161 32 35
852 
0 
700 157 30 41
853 
0 
715 157 29 39
854 
0 
728 158 29 40
855 
0 
742 160 33 41
856 
0 
762 162 29 50
857 
0 
775 162 31 48
858 
0 
796 162 29 49
859 
0 
811 162 31 48
860 
0 
828 164 35 43
861 
0 
845 163 33 48
862 
0 
865 165 25 39
863 
0 
879 156 32 39
864 
0 
893 150 32 44
865 
0 
909 148 30 43
866 
0 
924 143 35 44
867 
0 
937 136 31 41
868 
0 
954 140 27 36
869 
0 
972 136 27 39
870 
0 
987 128 31 38
871 
0 
1004 118 28 36
872 
0 
1020 110 28 39
873 
0 
1028 99 28 38
874 
0 
1035 92 29 39
875 
0 
1034 88 31 37
876 
0 
1024 86 30 36
877 
0 
1009 84 32 38
878 
0 
996 76 36 46
879 
0 
983 79 32 45
880 
0 
979 83 32 43
881 
0 
979 87 33 41
882 
0 
987 85 36 44
883 
0 
1001 84 33 44
884 
0 
1015 92 28 39
885 
0 
1024 82 30 44
886 
0 
1032 86 32 40
887 
0 
1041 96 27 42
888 
0 
1046 103 29 38
889 
0 
1046 108 33 37
890 
0 
1054 113 29 37
891 
0 
1063 118 28 38
892 
0 
1073 125 30 38
893 
0 
1092 132 27 41
894 
0 
1107 138 28 39
895 
0 
1121 140 29 36
896 
0 
1132 133 30 44
897 
0 
1144 133 31 41
898 
0 
1154 132 33 41
899 
0 
1165 128 35 41
900 
0 
1175 127 33 41
901 
0 
1188 122 35 44
902 
0 
1199 118 30 48
903 
0 
1204 114 34 42
904 
0 
1216 110 30 44
905 
0 
1220 109 32 43
906 
0 
1231 116 29 39
907 
0 
1230 105 36 46
908 
0 
1240 105 35 44
909 
0 
1248 104 31 43
910 
0 
1253 98 36 48
911 
0 
1260 91 48 56
912 
0 
1274 90 33 44
913 
0 
1272 79 47 55
914 
0 
1286 85 35 44
915 
0 
1289 85 36 41
916 
0 
1293 82 37 43
917 
0 
1299 80 35 42
918 
0 
1300 75 38 46
919 
0 
1310 71 34 50
920 
0 
1317 72 31 39
921 
0 
1320 60 34 45
922 
0 
1323 54 39 47
923 
0 
1330 39 44 56
924 
0 
1332 33 51 53
925 
0 
1339 35 45 43
926 
0 
1339 26 54 49
927 
0 
1348 14 53 49
928 
0 
1352 10 52 51
929 
0 
1356 6 51 50
930 
0 
1358 5 54 47
931 
0 
1359 7 57 28
932 
-2 
0 0 0 0
933 
-2 
0 0 0 0
934 
-2 
0 0 0 0
935 
-2 
0 0 0 0
936 
-1 
0 0 0 0
937 
-1 
0 0 0 0
938 
-1 
0 0 0 0
939 
-1 
0 0 0 0
940 
-1 
0 0 0 0
941 
-1 
0 0 0 0
942 
-1 
0 0 0 0
943 
-1 
0 0 0 0
944 
-2 
0 0 0 0
945 
0 
1378 6 41 33
946 
0 
1376 10 42 40
947 
0 
1373 24 37 40
948 
0 
1373 33 36 41
949 
0 
1373 44 33 42
950 
0 
1374 52 31 44
951 
0 
1373 62 33 42
952 
0 
1373 70 35 42
953 
0 
1371 74 33 45
954 
0 
1371 82 34 41
955 
0 
1373 89 31 41
956 
0 
1372 92 34 42
957 
0 
1373 93 34 43
958 
0 
1373 96 31 45
959 
0 
1375 100 32 43
960 
0 
1379 104 28 41
961 
0 
1381 106 32 38
962 
0 
1382 107 33 38
963 
0 
1386 110 34 38
964 
0 
1392 113 32 40
965 
0 
1394 115 33 40
966 
0 
1399 116 31 40
967 
0 
1401 119 29 41
968 
0 
1404 119 27 41
969 
0 
1407 121 28 39
970 
0 
1409 121 28 38
971 
0 
1412 121 30 39
972 
0 
1416 121 28 41
973 
0 
1419 120 30 43
974 
0 
1425 122 29 43
975 
0 
1429 125 31 37
976 
0 
1429 126 34 38
977 
0 
1431 127 33 37
978 
0 
1434 127 33 38
979 
0 
1438 126 32 39
980 
0 
1440 127 32 39
981 
0 
1443 126 31 40
982 
0 
1447 124 29 41
983 
0 
1451 123 27 41
984 
0 
1452 122 27 41
985 
0 
1456 121 27 39
986 
0 
1456 116 31 37
987 
0 
1460 111 30 37
988 
0 
1463 107 28 37
989 
0 
1469 97 24 44
990 
0 
1473 91 27 42
991 
0 
1479 86 27 38
992 
0 
1483 81 23 38
993 
0 
1483 68 28 43
994 
0 
1488 64 25 40
995 
0 
1493 63 27 40
996 
0 
1499 55 25 41
997 
0 
1501 48 24 40
998 
0 
1502 47 24 39
999 
0 
1502 45 30 38
1000 
0 
1506 42 29 40
1001 
0 
1513 40 28 37
1002 
0 
1518 38 27 37
1003 
-2 
0 0 0 0
1004 
-2 
0 0 0 0
1005 
-2 
0 0 0 0
1006 
-2 
0 0 0 0
1007 
-2 
0 0 0 0
1008 
-2 
0 0 0 0
1009 
-2 
0 0 0 0
1010 
-2 
0 0 0 0
1011 
-2 
0 0 0 0
1012 
-2 
0 0 0 0
1013 
-2 
0 0 0 0
1014 
-2 
0 0 0 0
1015 
-2 
0 0 0 0
1016 
-2 
0 0 0 0
1017 
-2 
0 0 0 0
1018 
-2 
0 0 0 0
1019 
-2 
0 0 0 0
1020 
-2 
0 0 0 0
1021 
-2 
0 0 0 0
1022 
-2 
0 0 0 0
1023 
-2 
0 0 0 0
1024 
-2 
0 0 0 0
1025 
-2 
0 0 0 0
1026 
-2 
0 0 0 0
1027 
-2 
0 0 0 0
1028 
-2 
0 0 0 0
1029 
-2 
0 0 0 0
1030 
-2 
0 0 0 0
1031 
-2 
0 0 0 0
1032 
-2 
0 0 0 0
1033 
-2 
0 0 0 0
1034 
-2 
0 0 0 0
1035 
-2 
0 0 0 0
1036 
-2 
0 0 0 0
1037 
-2 
0 0 0 0
1038 
-2 
0 0 0 0
1039 
-2 
0 0 0 0
1040 
-2 
0 0 0 0
1041 
-2 
0 0 0 0
1042 
-2 
0 0 0 0
1043 
-2 
0 0 0 0
1044 
-2 
0 0 0 0
1045 
-2 
0 0 0 0
1046 
-2 
0 0 0 0
1047 
-2 
0 0 0 0
1048 
-2 
0 0 0 0
1049 
-2 
0 0 0 0
1050 
-2 
0 0 0 0
1051 
-2 
0 0 0 0
1052 
-2 
0 0 0 0
1053 
-2 
0 0 0 0
1054 
-2 
0 0 0 0
1055 
-2 
0 0 0 0
1056 
-2 
0 0 0 0
1057 
-2 
0 0 0 0
1058 
-2 
0 0 0 0
1059 
-2 
0 0 0 0
1060 
-2 
0 0 0 0
1061 
-2 
0 0 0 0
1062 
-1 
0 0 0 0
1063 
-1 
0 0 0 0
1064 
-1 
0 0 0 0
1065 
-1 
0 0 0 0
1066 
-1 
0 0 0 0
1067 
-1 
0 0 0 0
1068 
-1 
0 0 0 0
1069 
-1 
0 0 0 0
1070 
-1 
0 0 0 0
1071 
-1 
0 0 0 0
1072 
-1 
0 0 0 0
1073 
-1 
0 0 0 0
1074 
-1 
0 0 0 0
1075 
-1 
0 0 0 0
1076 
-1 
0 0 0 0
1077 
-1 
0 0 0 0
1078 
-1 
0 0 0 0
1079 
-1 
0 0 0 0
1080 
-1 
0 0 0 0
1081 
-1 
0 0 0 0
1082 
-1 
0 0 0 0
1083 
-1 
0 0 0 0
1084 
-1 
0 0 0 0
1085 
-1 
0 0 0 0
1086 
-1 
0 0 0 0
1087 
-1 
0 0 0 0
1088 
-1 
0 0 0 0
1089 
-1 
0 0 0 0
1090 
-1 
0 0 0 0
1091 
-1 
0 0 0 0
1092 
-1 
0 0 0 0
1093 
-1 
0 0 0 0
1094 
-1 
0 0 0 0
1095 
-1 
0 0 0 0
1096 
-1 
0 0 0 0
1097 
-1 
0 0 0 0
1098 
-1 
0 0 0 0
1099 
-1 
0 0 0 0
1100 
-1 
0 0 0 0
1101 
-1 
0 0 0 0
1102 
-1 
0 0 0 0
1103 
-1 
0 0 0 0
1104 
-1 
0 0 0 0
1105 
-1 
0 0 0 0
