1 
0 
1066 497 24 42
2 
0 
1066 497 24 42
3 
0 
1076 504 21 43
4 
0 
1081 503 23 42
5 
0 
1089 496 23 43
6 
0 
1092 496 23 42
7 
0 
1097 495 24 45
8 
0 
1097 501 25 45
9 
0 
1097 503 26 43
10 
0 
1098 505 26 41
11 
0 
1098 506 25 42
12 
0 
1098 508 25 42
13 
0 
1098 512 25 40
14 
-2 
0 0 0 0
15 
-2 
0 0 0 0
16 
0 
1100 514 22 42
17 
-2 
0 0 0 0
18 
0 
1156 539 27 43
19 
0 
1088 517 21 38
20 
-2 
0 0 0 0
21 
-2 
0 0 0 0
22 
-2 
0 0 0 0
23 
-2 
0 0 0 0
24 
-2 
0 0 0 0
25 
-2 
0 0 0 0
26 
-2 
0 0 0 0
27 
-2 
0 0 0 0
28 
-2 
0 0 0 0
29 
-2 
0 0 0 0
30 
-2 
0 0 0 0
31 
-2 
0 0 0 0
32 
-2 
0 0 0 0
33 
-2 
0 0 0 0
34 
-2 
0 0 0 0
35 
-2 
0 0 0 0
36 
-2 
0 0 0 0
37 
-2 
0 0 0 0
38 
-2 
0 0 0 0
39 
0 
1028 532 24 39
40 
0 
1029 532 22 38
41 
-2 
0 0 0 0
42 
-2 
0 0 0 0
43 
0 
1018 527 23 40
44 
0 
1015 525 25 41
45 
0 
1015 524 24 42
46 
0 
1015 521 22 41
47 
0 
1015 520 23 42
48 
0 
1014 518 25 45
49 
0 
1015 518 24 45
50 
0 
1015 518 24 44
51 
0 
1010 516 29 47
52 
0 
1008 516 28 46
53 
0 
1008 515 27 47
54 
0 
1005 517 28 44
55 
0 
1005 516 29 44
56 
0 
1004 516 28 44
57 
0 
1006 517 27 43
58 
0 
1004 516 29 44
59 
0 
1006 517 28 43
60 
0 
1005 516 31 45
61 
0 
1008 516 28 45
62 
0 
1008 515 29 46
63 
0 
1008 514 31 46
64 
0 
1009 514 30 46
65 
0 
1007 513 32 45
66 
0 
1009 512 30 45
67 
0 
1003 508 31 42
68 
0 
1001 507 33 42
69 
0 
1003 507 32 41
70 
0 
1005 504 31 42
71 
0 
1004 504 33 42
72 
0 
1008 504 28 41
73 
0 
1006 503 32 42
74 
0 
1008 501 28 45
75 
0 
1014 504 27 43
76 
0 
1014 503 29 43
77 
0 
1011 495 27 43
78 
0 
1011 495 25 40
79 
0 
1013 493 24 42
80 
0 
1012 488 31 46
81 
0 
1014 487 30 47
82 
0 
1015 486 28 46
83 
0 
1017 486 25 43
84 
0 
1018 484 25 46
85 
0 
1018 483 28 44
86 
0 
1018 483 28 43
87 
0 
1016 481 30 44
88 
0 
1016 481 30 42
89 
0 
1017 481 30 42
90 
0 
1020 479 33 45
91 
0 
1020 479 34 45
92 
0 
1020 479 35 43
93 
0 
1021 479 34 44
94 
0 
1022 479 37 43
95 
0 
1026 481 36 40
96 
0 
1029 479 31 44
97 
0 
1039 481 31 42
98 
0 
1045 482 34 41
99 
0 
1052 482 35 40
100 
0 
1061 480 31 44
101 
0 
1062 479 29 43
102 
0 
1064 480 27 40
103 
0 
1069 478 31 45
104 
0 
1068 472 34 43
105 
0 
1070 475 38 36
106 
0 
1075 471 33 39
107 
0 
1079 469 29 40
108 
0 
1079 467 30 38
109 
0 
1079 466 29 38
110 
0 
1079 464 30 37
111 
0 
1075 460 34 42
112 
0 
1069 459 37 44
113 
0 
1063 460 32 42
114 
0 
1048 459 38 41
115 
0 
1040 460 32 41
116 
0 
1029 457 32 43
117 
0 
1021 456 32 46
118 
0 
1011 456 29 45
119 
0 
1004 457 31 43
120 
0 
993 457 32 45
121 
0 
989 460 27 42
122 
0 
977 463 34 43
123 
0 
974 468 29 43
124 
0 
961 472 27 43
125 
0 
950 470 30 44
126 
0 
941 472 26 43
127 
0 
933 470 31 44
128 
0 
925 467 36 44
129 
0 
926 466 31 44
130 
0 
926 462 31 49
131 
0 
925 465 33 44
132 
0 
924 464 35 44
133 
0 
926 463 33 45
134 
0 
925 463 35 44
135 
0 
927 460 35 45
136 
0 
932 458 33 47
137 
0 
942 458 27 46
138 
0 
961 459 30 48
139 
0 
971 448 24 48
140 
0 
985 448 26 45
141 
0 
997 440 31 52
142 
0 
1004 442 35 44
143 
0 
1015 439 30 50
144 
0 
1020 440 33 47
145 
0 
1021 440 38 45
146 
0 
1026 441 36 46
147 
0 
1034 445 29 47
148 
0 
1040 454 32 48
149 
0 
1038 457 27 44
150 
0 
1036 456 30 46
151 
0 
1038 456 26 45
152 
0 
1037 456 26 47
153 
0 
1041 459 29 49
154 
0 
1040 464 31 49
155 
0 
1045 472 25 47
156 
0 
1045 484 33 48
157 
0 
1047 492 31 49
158 
0 
1054 499 27 47
159 
0 
1053 499 30 48
160 
0 
1056 499 29 47
161 
0 
1054 499 31 47
162 
0 
1058 500 29 46
163 
0 
1059 501 30 46
164 
0 
1060 501 31 47
165 
0 
1060 500 31 49
166 
0 
1062 499 29 48
167 
0 
1062 491 29 55
168 
0 
1062 489 33 50
169 
0 
1064 481 32 50
170 
0 
1065 472 30 49
171 
0 
1065 465 30 51
172 
0 
1064 462 31 49
173 
0 
1063 458 31 50
174 
0 
1061 453 32 51
175 
0 
1058 446 32 54
176 
0 
1055 446 31 50
177 
0 
1048 442 31 47
178 
0 
1046 436 33 47
179 
0 
1047 427 28 49
180 
0 
1046 424 24 48
181 
0 
1041 420 30 49
182 
0 
1040 419 29 49
183 
0 
1037 414 31 49
184 
0 
1036 412 32 48
185 
0 
1038 403 30 52
186 
0 
1038 401 31 51
187 
0 
1035 399 34 50
188 
0 
1037 396 31 48
189 
0 
1036 394 31 47
190 
0 
1036 391 31 48
191 
0 
1035 388 31 46
192 
0 
1036 387 28 46
193 
0 
1033 381 31 49
194 
0 
1031 380 31 49
195 
0 
1027 379 30 49
196 
0 
1023 378 29 50
197 
0 
1018 377 28 52
198 
0 
1013 379 31 51
199 
0 
1005 382 32 48
200 
0 
1000 387 30 46
201 
0 
996 388 29 50
202 
0 
994 396 28 48
203 
0 
992 409 26 48
204 
0 
987 421 29 48
205 
0 
982 432 31 48
206 
0 
978 437 34 49
207 
0 
972 437 39 43
208 
0 
972 438 36 43
209 
0 
968 436 30 46
210 
0 
968 436 28 48
211 
0 
971 440 29 49
212 
0 
965 438 31 45
213 
0 
963 438 29 45
214 
0 
962 440 29 43
215 
0 
960 440 32 44
216 
0 
960 441 32 44
217 
0 
959 440 33 46
218 
0 
959 440 33 46
219 
0 
958 440 34 47
220 
0 
961 441 32 45
221 
0 
962 441 32 45
222 
0 
964 441 31 45
223 
0 
966 440 30 46
224 
0 
965 440 31 46
225 
0 
971 445 28 49
226 
0 
971 445 27 50
227 
0 
971 445 27 50
228 
0 
970 446 29 51
229 
0 
970 446 29 52
230 
0 
972 447 27 50
231 
0 
971 446 28 51
232 
0 
974 448 24 48
233 
0 
973 447 26 50
234 
0 
974 447 29 49
235 
0 
974 447 29 50
236 
0 
976 448 28 50
237 
0 
976 449 28 48
238 
0 
979 448 30 51
239 
0 
981 448 32 51
240 
0 
986 449 30 49
241 
0 
987 448 32 51
242 
0 
991 448 29 51
243 
0 
991 446 30 54
244 
0 
994 448 30 52
245 
0 
995 449 29 49
246 
0 
998 449 29 48
247 
0 
998 448 30 49
248 
0 
1001 449 30 48
249 
0 
1003 448 31 49
250 
0 
1005 448 33 50
251 
0 
1008 448 31 48
252 
0 
1009 448 32 48
253 
0 
1011 448 31 48
254 
0 
1012 447 31 50
255 
0 
1014 446 31 52
256 
0 
1014 445 31 53
257 
0 
1015 445 31 51
258 
0 
1016 445 30 50
259 
0 
1017 445 30 50
260 
0 
1019 444 28 49
261 
0 
1019 445 29 48
262 
0 
1021 445 27 47
263 
0 
1020 444 28 46
264 
0 
1022 444 31 46
265 
0 
1022 444 31 45
266 
0 
1023 444 31 45
267 
0 
1025 443 30 46
268 
0 
1025 442 31 46
269 
0 
1027 441 31 46
270 
0 
1025 439 33 47
271 
0 
1026 438 33 47
272 
0 
1027 437 32 47
273 
0 
1028 435 32 47
274 
0 
1030 435 31 45
275 
0 
1029 433 32 45
276 
0 
1030 433 32 45
277 
0 
1030 433 33 45
278 
0 
1030 433 32 45
279 
0 
1031 433 31 44
280 
0 
1034 432 29 45
281 
0 
1033 427 33 50
282 
0 
1034 426 33 50
283 
0 
1035 426 32 49
284 
0 
1035 426 33 48
285 
0 
1037 426 32 46
286 
0 
1036 424 32 48
287 
0 
1036 424 32 46
288 
0 
1036 422 32 46
289 
0 
1038 422 30 46
290 
0 
1039 420 28 45
291 
0 
1038 418 30 44
292 
0 
1039 417 29 45
293 
0 
1039 414 30 47
294 
0 
1035 412 32 44
295 
0 
1037 411 28 45
296 
0 
1039 403 24 48
297 
0 
1038 403 24 47
298 
0 
1041 409 30 48
299 
0 
1042 409 28 48
300 
0 
1043 409 28 48
301 
0 
1042 409 30 48
302 
0 
1043 410 29 47
303 
0 
1043 410 30 47
304 
0 
1042 410 32 48
305 
0 
1042 410 32 48
306 
0 
1043 412 36 46
307 
0 
1043 412 36 47
308 
0 
1043 414 37 48
309 
0 
1046 415 35 47
310 
0 
1045 415 35 48
311 
0 
1047 416 35 47
312 
0 
1047 416 35 48
313 
0 
1048 416 35 48
314 
0 
1049 417 35 47
315 
0 
1048 417 35 48
316 
0 
1050 418 34 47
317 
0 
1048 418 36 47
318 
0 
1049 418 35 47
319 
0 
1051 417 35 48
320 
0 
1050 418 36 48
321 
0 
1050 417 36 49
322 
0 
1051 417 36 49
323 
0 
1052 418 35 47
324 
0 
1052 416 36 49
325 
0 
1052 416 37 50
326 
0 
1053 416 35 48
327 
0 
1053 415 36 48
328 
0 
1054 413 35 49
329 
0 
1055 412 35 48
330 
0 
1054 409 37 48
331 
0 
1054 403 40 52
332 
0 
1056 401 37 49
333 
0 
1055 399 38 48
334 
0 
1049 393 42 44
335 
0 
1048 393 42 41
336 
0 
1050 391 38 42
337 
0 
1050 389 38 44
338 
0 
1053 389 34 43
339 
0 
1052 384 40 41
340 
0 
1051 383 43 39
341 
0 
1052 380 41 39
342 
0 
1051 377 40 41
343 
0 
1051 375 37 42
344 
0 
1050 373 39 44
345 
0 
1050 372 38 44
346 
0 
1051 371 38 44
347 
0 
1052 371 37 43
348 
0 
1053 370 35 45
349 
0 
1053 370 36 44
350 
0 
1053 367 35 46
351 
0 
1052 368 37 43
352 
0 
1052 368 36 43
353 
0 
1051 368 36 43
354 
0 
1051 369 37 42
355 
0 
1052 371 35 40
356 
0 
1049 372 40 40
357 
0 
1049 374 41 41
358 
0 
1052 381 38 40
359 
0 
1054 390 30 41
360 
0 
1048 397 39 39
361 
0 
1047 400 37 40
362 
0 
1046 406 38 37
363 
0 
1045 411 36 44
364 
0 
1045 415 35 41
365 
0 
1045 419 33 39
366 
0 
1044 423 36 38
367 
0 
1043 427 37 38
368 
0 
1044 435 34 40
369 
0 
1044 436 34 43
370 
0 
1044 440 34 44
371 
0 
1040 447 34 40
372 
0 
1039 453 34 38
373 
0 
1040 458 33 43
374 
0 
1040 460 32 43
375 
0 
1040 463 30 39
376 
0 
1039 466 32 38
377 
0 
1039 470 32 37
378 
0 
1038 474 34 36
379 
0 
1037 476 34 37
380 
0 
1039 478 29 45
381 
0 
1038 479 30 46
382 
0 
1036 483 33 40
383 
0 
1035 486 33 38
384 
0 
1036 488 32 37
385 
0 
1034 490 34 37
386 
0 
1034 491 35 38
387 
0 
1031 493 37 36
388 
0 
1032 496 35 36
389 
0 
1031 498 37 35
390 
0 
1034 499 36 39
391 
0 
1034 501 32 45
392 
0 
1031 503 34 42
393 
0 
1032 505 32 40
394 
0 
1033 507 30 38
395 
0 
1029 508 35 39
396 
0 
1026 508 39 41
397 
0 
1026 510 37 39
398 
0 
1026 512 37 38
399 
0 
1024 513 39 37
400 
0 
1023 514 39 38
401 
0 
1022 514 39 40
402 
0 
1024 518 36 37
403 
0 
1023 519 36 36
404 
0 
1021 520 38 36
405 
0 
1020 521 40 35
406 
0 
1020 520 39 39
407 
0 
1019 520 38 41
408 
0 
1022 524 30 42
409 
0 
1021 524 31 43
410 
0 
1017 524 31 45
411 
0 
1017 524 30 45
412 
0 
1017 525 29 44
413 
0 
1016 525 30 45
414 
0 
1015 525 31 46
415 
0 
1015 525 31 46
416 
0 
1012 526 32 46
417 
0 
1013 525 32 45
418 
0 
1012 525 33 43
419 
0 
1011 524 31 45
420 
0 
1008 523 33 46
421 
0 
1009 523 30 44
422 
0 
1007 524 30 42
423 
0 
1005 521 35 39
424 
0 
1005 522 33 37
425 
0 
1001 521 36 38
426 
0 
1000 520 37 40
427 
0 
999 520 37 39
428 
0 
997 520 36 39
429 
0 
998 520 33 38
430 
0 
996 520 34 37
431 
0 
996 520 35 37
432 
0 
997 519 32 38
433 
0 
992 520 35 36
434 
0 
990 519 35 37
435 
0 
989 519 35 37
436 
0 
988 518 34 38
437 
0 
988 517 33 39
438 
0 
988 518 32 38
439 
0 
985 516 34 39
440 
0 
984 516 37 37
441 
0 
983 514 38 40
442 
0 
981 514 38 40
443 
0 
980 513 37 39
444 
0 
980 513 37 38
445 
0 
980 512 36 39
446 
0 
980 511 36 40
447 
0 
978 510 38 40
448 
0 
977 509 38 40
449 
0 
978 508 38 40
450 
0 
980 507 35 41
451 
0 
979 506 34 41
452 
0 
979 504 34 42
453 
0 
980 501 36 46
454 
0 
984 500 32 46
455 
0 
985 499 34 37
456 
0 
986 498 31 33
457 
0 
986 491 36 41
458 
0 
985 491 36 38
459 
0 
987 490 34 38
460 
0 
990 488 32 38
461 
0 
992 488 30 36
462 
0 
992 487 29 37
463 
0 
992 487 31 36
464 
0 
992 487 32 36
465 
0 
993 486 29 37
466 
0 
993 486 30 38
467 
0 
994 485 29 39
468 
0 
994 485 29 39
469 
0 
993 484 31 41
470 
0 
993 483 32 43
471 
0 
996 482 33 42
472 
0 
996 483 33 40
473 
0 
995 483 36 40
474 
0 
996 484 36 39
475 
0 
997 485 34 38
476 
0 
995 484 38 40
477 
0 
996 485 37 39
478 
0 
997 485 34 39
479 
0 
997 486 37 39
480 
0 
997 486 38 39
481 
0 
997 488 38 38
482 
0 
999 489 37 39
483 
0 
999 490 39 39
484 
0 
998 491 41 40
485 
0 
1000 492 38 39
486 
0 
1001 492 38 41
487 
0 
1001 492 38 42
488 
0 
1002 494 36 40
489 
0 
1002 495 36 39
490 
0 
1003 497 35 38
491 
0 
1003 497 34 37
492 
0 
1002 498 33 36
493 
0 
1001 498 35 37
494 
0 
1000 499 38 36
495 
0 
1003 500 36 36
496 
0 
1002 500 37 36
497 
0 
1004 503 31 39
498 
0 
1002 505 33 37
499 
0 
1000 505 37 38
500 
0 
1000 505 35 38
501 
0 
998 504 37 41
502 
0 
999 505 36 40
503 
0 
1000 505 35 40
504 
0 
1000 507 34 38
505 
0 
1001 508 33 37
506 
0 
998 507 37 40
507 
0 
998 506 38 44
508 
0 
999 508 36 42
509 
0 
998 508 38 43
510 
0 
1000 509 37 42
511 
0 
999 510 39 43
512 
0 
1001 513 38 42
513 
0 
1001 514 38 44
514 
0 
1004 518 34 37
515 
0 
1004 519 34 40
516 
0 
1004 520 37 42
517 
0 
1007 522 34 47
518 
0 
1004 524 35 44
519 
0 
1003 525 35 43
520 
0 
1002 527 37 42
521 
0 
1000 529 36 41
522 
0 
999 530 38 41
523 
0 
999 531 38 40
524 
0 
998 532 40 40
525 
0 
998 533 38 43
526 
0 
996 533 37 44
527 
0 
991 536 34 38
528 
0 
990 537 33 41
529 
0 
986 536 37 45
530 
0 
982 537 38 43
531 
0 
979 536 38 46
532 
0 
978 538 33 42
533 
0 
973 538 37 42
534 
0 
973 538 35 43
535 
0 
965 538 37 44
536 
0 
973 540 34 45
537 
0 
973 539 33 48
538 
0 
974 540 33 46
539 
0 
973 540 33 47
540 
0 
974 540 32 45
541 
0 
974 540 32 44
542 
0 
974 538 33 46
543 
0 
975 537 30 43
544 
0 
969 534 34 48
545 
0 
968 534 34 44
546 
0 
963 534 35 43
547 
0 
963 533 32 44
548 
0 
959 533 34 43
549 
0 
956 533 34 42
550 
0 
953 532 30 44
551 
0 
950 533 31 43
552 
0 
943 533 35 49
553 
0 
945 537 31 42
554 
0 
942 539 33 46
555 
0 
942 540 31 44
556 
0 
939 546 31 44
557 
0 
937 539 31 47
558 
0 
929 540 30 46
559 
0 
926 542 30 42
560 
0 
920 546 31 42
561 
0 
913 548 33 42
562 
0 
908 547 32 45
563 
0 
903 549 28 42
564 
0 
896 547 32 44
565 
0 
892 548 33 44
566 
0 
888 547 35 43
567 
0 
887 546 32 44
568 
0 
884 546 30 42
569 
0 
879 547 29 41
570 
0 
874 541 30 43
571 
0 
870 539 31 42
572 
0 
864 539 29 41
573 
0 
856 539 28 41
574 
0 
844 538 36 45
575 
0 
835 538 31 43
576 
0 
822 538 33 43
577 
0 
809 539 32 42
578 
0 
799 538 31 42
579 
0 
789 539 28 39
580 
0 
776 539 31 38
581 
0 
770 540 29 38
582 
0 
762 539 29 40
583 
0 
754 538 31 43
584 
0 
750 536 30 41
585 
0 
743 538 29 41
586 
0 
740 536 27 39
587 
0 
735 535 29 39
588 
0 
727 534 32 40
589 
0 
722 533 30 38
590 
0 
716 532 30 39
591 
0 
714 531 29 41
592 
0 
710 529 30 41
593 
0 
706 527 27 42
594 
0 
698 529 30 41
595 
0 
695 528 30 42
596 
0 
691 525 29 42
597 
0 
690 525 27 41
598 
0 
683 516 27 41
599 
0 
680 518 28 38
600 
0 
679 514 24 38
601 
0 
676 517 25 39
602 
0 
677 516 25 42
603 
0 
678 515 25 38
604 
0 
679 515 24 37
605 
0 
682 514 26 37
606 
0 
688 514 27 36
607 
0 
691 513 25 35
608 
0 
690 513 25 38
609 
0 
683 512 24 36
610 
0 
678 514 25 33
611 
0 
678 514 26 34
612 
0 
674 513 28 38
613 
0 
672 512 27 37
614 
0 
671 514 26 35
615 
0 
672 515 23 34
616 
0 
670 516 26 35
617 
0 
672 516 24 36
618 
0 
674 516 24 37
619 
0 
679 516 21 36
620 
0 
680 516 23 38
621 
0 
681 517 23 37
622 
0 
681 517 24 37
623 
0 
681 517 24 39
624 
0 
682 519 23 39
625 
0 
676 528 29 37
626 
0 
674 531 26 35
627 
0 
674 530 26 36
628 
0 
673 529 26 36
629 
0 
671 529 29 38
630 
0 
672 531 27 35
631 
0 
672 531 29 35
632 
0 
672 531 30 36
633 
0 
674 530 28 38
634 
0 
675 530 25 37
635 
0 
675 532 25 35
636 
0 
676 531 25 36
637 
0 
679 531 24 34
638 
0 
684 532 23 35
639 
0 
694 531 28 37
640 
0 
698 531 29 38
641 
0 
703 530 28 39
642 
0 
707 530 26 38
643 
0 
715 533 25 37
644 
0 
719 533 28 37
645 
0 
725 531 26 39
646 
0 
729 532 27 37
647 
0 
737 531 27 39
648 
0 
744 533 29 36
649 
0 
750 531 27 39
650 
0 
754 530 27 38
651 
0 
762 534 24 35
652 
0 
765 532 23 37
653 
0 
764 530 25 41
654 
0 
767 531 24 39
655 
0 
770 530 25 39
656 
0 
772 530 24 38
657 
0 
775 532 22 35
658 
0 
775 529 25 36
659 
0 
776 529 25 35
660 
0 
779 520 24 39
661 
0 
779 520 25 40
662 
0 
780 519 24 41
663 
0 
781 520 23 37
664 
0 
781 527 24 37
665 
0 
787 528 22 37
666 
0 
787 522 24 38
667 
0 
787 522 26 39
668 
0 
789 522 26 38
669 
0 
789 522 27 38
670 
0 
789 523 28 37
671 
0 
792 522 26 38
672 
0 
794 523 26 37
673 
0 
795 522 25 37
674 
0 
797 522 24 37
675 
0 
797 521 25 37
676 
0 
798 518 24 40
677 
0 
798 516 26 42
678 
0 
799 516 25 41
679 
0 
801 516 23 40
680 
0 
801 516 23 40
681 
0 
801 516 24 39
682 
0 
802 516 23 39
683 
0 
803 515 22 38
684 
0 
803 514 21 38
685 
0 
804 512 20 39
686 
0 
804 508 21 41
687 
0 
805 509 21 41
688 
0 
804 506 22 42
689 
0 
803 503 21 44
690 
0 
802 506 21 41
691 
0 
795 508 23 42
692 
0 
792 511 23 43
693 
0 
780 516 21 39
694 
0 
773 520 23 41
695 
0 
765 529 21 40
696 
0 
753 529 23 42
697 
0 
747 533 24 42
698 
0 
741 536 26 42
699 
0 
740 537 25 41
700 
0 
731 537 24 42
701 
0 
729 536 25 45
702 
0 
729 537 24 44
703 
0 
730 538 26 44
704 
0 
731 539 25 43
705 
0 
740 539 25 43
706 
0 
748 552 20 41
707 
0 
751 552 21 43
708 
0 
752 552 20 42
709 
0 
755 550 21 42
710 
0 
767 555 20 40
711 
0 
770 560 20 38
712 
0 
773 559 23 41
713 
0 
777 560 23 42
714 
0 
790 561 21 39
715 
0 
798 560 23 43
716 
0 
813 565 22 39
717 
0 
823 561 22 43
718 
0 
841 563 24 42
719 
0 
851 563 23 41
720 
0 
870 565 22 39
721 
0 
893 572 20 42
722 
0 
897 564 24 41
723 
0 
909 563 22 42
724 
0 
916 565 23 40
725 
0 
920 563 20 39
726 
0 
924 564 20 36
727 
0 
935 558 18 40
728 
0 
940 553 19 42
729 
0 
938 538 21 44
730 
0 
939 539 23 42
731 
0 
940 539 22 41
732 
0 
938 540 22 42
733 
0 
935 542 22 40
734 
-2 
0 0 0 0
735 
-2 
0 0 0 0
736 
-2 
0 0 0 0
737 
-2 
0 0 0 0
738 
-2 
0 0 0 0
739 
-2 
0 0 0 0
740 
-2 
0 0 0 0
741 
-2 
0 0 0 0
742 
-2 
0 0 0 0
743 
-2 
0 0 0 0
744 
-2 
0 0 0 0
745 
-2 
0 0 0 0
746 
-2 
0 0 0 0
747 
-1 
0 0 0 0
748 
-1 
0 0 0 0
749 
-1 
0 0 0 0
750 
-1 
0 0 0 0
751 
-1 
0 0 0 0
752 
-1 
0 0 0 0
753 
-1 
0 0 0 0
754 
-1 
0 0 0 0
755 
-1 
0 0 0 0
756 
-1 
0 0 0 0
757 
-1 
0 0 0 0
758 
-1 
0 0 0 0
759 
-1 
0 0 0 0
760 
-1 
0 0 0 0
761 
-1 
0 0 0 0
762 
-1 
0 0 0 0
763 
-1 
0 0 0 0
764 
-1 
0 0 0 0
765 
-1 
0 0 0 0
766 
-1 
0 0 0 0
767 
-1 
0 0 0 0
768 
-1 
0 0 0 0
769 
-1 
0 0 0 0
770 
-1 
0 0 0 0
771 
-1 
0 0 0 0
772 
-1 
0 0 0 0
773 
-1 
0 0 0 0
774 
-1 
0 0 0 0
775 
-1 
0 0 0 0
776 
-1 
0 0 0 0
777 
-1 
0 0 0 0
778 
-1 
0 0 0 0
779 
-1 
0 0 0 0
780 
-1 
0 0 0 0
781 
-1 
0 0 0 0
782 
-1 
0 0 0 0
783 
-1 
0 0 0 0
784 
-1 
0 0 0 0
785 
-1 
0 0 0 0
786 
-1 
0 0 0 0
787 
-1 
0 0 0 0
788 
-1 
0 0 0 0
789 
-1 
0 0 0 0
790 
-1 
0 0 0 0
791 
-1 
0 0 0 0
792 
-1 
0 0 0 0
793 
-1 
0 0 0 0
794 
-1 
0 0 0 0
795 
-1 
0 0 0 0
796 
-1 
0 0 0 0
797 
-1 
0 0 0 0
798 
-1 
0 0 0 0
799 
-1 
0 0 0 0
800 
-1 
0 0 0 0
801 
-1 
0 0 0 0
802 
-1 
0 0 0 0
803 
-1 
0 0 0 0
804 
-1 
0 0 0 0
805 
-1 
0 0 0 0
806 
-1 
0 0 0 0
807 
-1 
0 0 0 0
808 
-1 
0 0 0 0
809 
-1 
0 0 0 0
810 
-1 
0 0 0 0
811 
-1 
0 0 0 0
812 
-1 
0 0 0 0
813 
-1 
0 0 0 0
814 
-1 
0 0 0 0
815 
-1 
0 0 0 0
816 
-1 
0 0 0 0
817 
-1 
0 0 0 0
818 
-1 
0 0 0 0
819 
-1 
0 0 0 0
820 
-1 
0 0 0 0
821 
-1 
0 0 0 0
822 
-1 
0 0 0 0
823 
-1 
0 0 0 0
824 
-1 
0 0 0 0
825 
-1 
0 0 0 0
826 
-1 
0 0 0 0
827 
-1 
0 0 0 0
828 
-1 
0 0 0 0
829 
-1 
0 0 0 0
830 
-1 
0 0 0 0
831 
-1 
0 0 0 0
832 
-1 
0 0 0 0
