1 
0 
1099 490 25 37
2 
0 
1099 490 25 37
3 
0 
1103 498 25 33
4 
0 
1108 504 24 38
5 
0 
1113 513 23 32
6 
0 
1123 516 25 31
7 
0 
1130 514 24 35
8 
0 
1138 513 25 34
9 
0 
1152 513 27 48
10 
0 
1160 513 23 50
11 
0 
1163 515 22 51
12 
0 
1161 517 21 48
13 
0 
1157 524 22 46
14 
0 
1148 530 23 34
15 
0 
1145 532 24 35
16 
0 
1140 535 25 32
17 
0 
1147 538 23 34
18 
0 
1148 538 23 35
19 
0 
1149 544 25 32
20 
0 
1272 748 28 34
21 
0 
1154 548 21 41
22 
0 
1151 550 26 37
23 
0 
1155 550 24 38
24 
0 
1156 549 22 41
25 
0 
1162 548 20 41
26 
0 
1162 544 25 37
27 
0 
1172 541 24 37
28 
0 
1174 535 27 40
29 
0 
1181 534 24 40
30 
0 
1181 534 27 38
31 
0 
1185 534 24 38
32 
0 
1188 535 25 37
33 
0 
1193 532 26 39
34 
0 
1197 531 23 38
35 
0 
1206 527 24 40
36 
0 
1219 527 21 39
37 
0 
1225 526 24 38
38 
0 
1234 520 27 40
39 
0 
1243 522 27 35
40 
0 
1247 522 26 38
41 
0 
1246 521 27 39
42 
0 
1246 522 26 37
43 
0 
1244 521 25 37
44 
0 
1243 521 25 36
45 
0 
1242 520 24 36
46 
0 
1240 520 25 35
47 
0 
1232 521 26 36
48 
0 
1229 521 25 36
49 
0 
1226 520 24 36
50 
0 
1224 516 26 37
51 
0 
1222 511 25 36
52 
0 
1223 507 24 37
53 
0 
1223 503 24 41
54 
0 
1222 498 25 38
55 
0 
1220 500 25 36
56 
0 
1219 498 25 36
57 
0 
1219 496 22 36
58 
0 
1218 490 23 37
59 
0 
1211 482 23 40
60 
0 
1206 478 26 37
61 
0 
1204 476 25 39
62 
0 
1204 486 9 9
63 
0 
1196 481 22 39
64 
0 
1189 484 23 38
65 
0 
1184 486 24 37
66 
0 
1180 485 24 38
67 
0 
1174 487 27 39
68 
0 
1171 491 24 37
69 
0 
1170 493 24 36
70 
0 
1157 489 25 39
71 
0 
1152 492 25 37
72 
0 
1149 494 24 36
73 
0 
1147 493 23 37
74 
0 
1145 495 25 36
75 
0 
1138 494 25 38
76 
0 
1136 497 23 35
77 
0 
1132 493 24 37
78 
0 
1130 491 25 39
79 
0 
1126 490 25 39
80 
0 
1124 487 24 39
81 
0 
1122 487 25 37
82 
0 
1115 480 26 41
83 
0 
1112 477 26 39
84 
0 
1108 474 27 43
85 
0 
1105 476 26 39
86 
0 
1100 476 26 39
87 
0 
1089 477 28 38
88 
0 
1082 480 25 41
89 
0 
1067 479 22 42
90 
0 
1052 477 26 35
91 
0 
1040 478 25 36
92 
0 
1031 476 26 38
93 
0 
1025 477 27 35
94 
0 
1015 478 26 37
95 
0 
1009 480 24 41
96 
0 
1003 481 23 38
97 
0 
996 479 23 43
98 
0 
989 482 24 40
99 
0 
987 490 9 9
100 
0 
978 487 22 36
101 
0 
967 488 26 38
102 
0 
960 492 24 37
103 
0 
957 504 9 9
104 
0 
946 502 22 42
105 
0 
939 509 24 38
106 
0 
934 515 25 39
107 
0 
930 519 26 36
108 
0 
921 520 29 41
109 
0 
919 524 24 42
110 
0 
913 529 25 38
111 
0 
908 529 24 37
112 
0 
901 531 23 37
113 
0 
894 533 25 40
114 
0 
889 537 25 39
115 
0 
886 542 23 37
116 
0 
885 549 22 41
117 
0 
883 553 23 40
118 
0 
883 559 24 36
119 
0 
885 561 25 39
120 
0 
887 561 28 38
121 
0 
890 562 26 37
122 
0 
892 565 24 36
123 
0 
893 565 26 37
124 
0 
897 567 26 36
125 
0 
907 566 27 36
126 
0 
918 565 25 40
127 
0 
934 565 26 36
128 
0 
954 564 26 34
129 
0 
970 560 24 37
130 
0 
987 555 25 37
131 
0 
1005 549 25 41
132 
0 
1026 540 26 37
133 
0 
1040 530 27 41
134 
0 
1053 528 26 38
135 
0 
1065 524 26 42
136 
0 
1080 522 27 37
137 
0 
1091 515 24 38
138 
0 
1100 509 23 38
139 
0 
1098 498 26 36
140 
0 
1086 489 26 36
141 
0 
1078 489 25 36
142 
0 
1067 486 25 38
143 
0 
1055 485 25 38
144 
0 
1053 487 24 37
145 
0 
1042 482 26 42
146 
0 
1032 476 27 40
147 
0 
1017 477 27 37
148 
0 
1011 475 25 39
149 
0 
1005 474 26 38
150 
0 
1004 473 25 38
151 
0 
1002 471 26 37
152 
0 
996 469 26 37
153 
0 
992 468 28 41
154 
0 
988 465 26 38
155 
0 
984 463 27 38
156 
0 
982 463 25 36
157 
0 
983 461 23 39
158 
0 
982 462 23 38
159 
0 
981 464 25 40
160 
0 
985 469 23 38
161 
0 
980 473 25 38
162 
0 
984 487 7 8
163 
0 
978 485 24 36
164 
0 
978 488 23 37
165 
0 
978 491 26 37
166 
0 
979 493 25 37
167 
0 
980 492 23 38
168 
0 
981 492 23 41
169 
0 
979 495 25 38
170 
0 
977 498 25 36
171 
0 
978 498 25 36
172 
0 
978 501 25 34
173 
0 
973 504 22 40
174 
0 
979 503 23 41
175 
0 
979 516 11 6
176 
0 
971 509 24 37
177 
0 
972 510 24 38
178 
0 
971 513 24 37
179 
0 
969 513 26 40
180 
0 
969 516 25 40
181 
0 
968 518 25 41
182 
0 
968 520 25 38
183 
0 
969 519 25 39
184 
0 
967 522 27 37
185 
0 
967 522 27 37
186 
0 
966 529 22 39
187 
0 
963 525 24 41
188 
0 
963 527 24 39
189 
0 
962 531 24 37
190 
0 
959 532 26 37
191 
0 
959 534 27 38
192 
0 
959 535 27 39
193 
0 
958 537 24 37
194 
0 
958 538 24 38
195 
0 
958 541 23 36
196 
0 
954 542 25 36
197 
0 
948 542 25 36
198 
0 
947 542 24 37
199 
0 
944 543 25 38
200 
0 
942 544 26 38
201 
0 
939 543 25 39
202 
0 
942 546 22 44
203 
0 
941 545 24 38
204 
0 
939 546 22 44
205 
0 
937 544 25 38
206 
0 
940 543 23 37
207 
0 
939 540 26 37
208 
0 
937 531 26 38
209 
0 
941 521 25 38
210 
0 
941 506 25 41
211 
0 
944 485 25 40
212 
0 
944 470 24 37
213 
0 
944 461 21 40
214 
0 
943 450 25 37
215 
0 
940 449 24 37
216 
0 
943 451 25 34
217 
0 
941 446 24 39
218 
0 
939 441 25 42
219 
0 
938 441 25 39
220 
0 
932 442 23 36
221 
0 
913 436 24 40
222 
0 
889 433 26 36
223 
0 
872 432 26 36
224 
0 
871 432 24 37
225 
0 
872 437 24 39
226 
0 
874 440 24 39
227 
0 
873 447 26 37
228 
0 
883 473 7 8
229 
-2 
0 0 0 0
230 
0 
883 511 9 6
231 
0 
887 516 25 38
232 
0 
897 528 26 40
233 
-2 
0 0 0 0
234 
0 
916 535 25 38
235 
0 
919 535 27 39
236 
0 
931 536 25 40
237 
0 
932 533 26 40
238 
0 
936 532 26 40
239 
0 
941 533 26 40
240 
0 
942 533 26 41
241 
0 
944 533 27 39
242 
0 
944 536 28 38
243 
0 
945 538 27 38
244 
0 
948 542 25 37
245 
0 
955 541 26 37
246 
0 
956 543 26 38
247 
0 
963 549 24 42
248 
0 
968 553 27 41
249 
-2 
0 0 0 0
250 
0 
980 558 26 40
251 
0 
990 558 24 45
252 
0 
986 551 25 46
253 
0 
851 600 19 36
254 
0 
1001 543 26 36
255 
0 
1007 534 27 36
256 
0 
1007 517 29 39
257 
0 
1016 504 23 41
258 
0 
1022 496 20 44
259 
0 
1022 495 21 42
260 
0 
1026 493 24 41
261 
0 
1025 488 24 38
262 
0 
1026 488 24 40
263 
0 
1026 491 26 40
264 
0 
1036 503 22 45
265 
0 
1035 509 27 46
266 
0 
1032 510 27 41
267 
0 
1036 513 23 42
268 
0 
1035 520 25 40
269 
0 
1033 529 26 42
270 
0 
1030 547 22 46
271 
0 
1016 563 27 42
272 
0 
1012 575 26 42
273 
0 
1012 582 24 38
274 
0 
1012 587 24 37
275 
0 
1087 618 17 44
276 
0 
1022 592 23 45
277 
0 
1026 591 26 47
278 
0 
1029 593 23 46
279 
0 
1032 594 24 46
280 
0 
1035 593 23 47
281 
0 
1033 595 23 51
282 
0 
1034 600 21 45
283 
0 
1027 602 25 47
284 
0 
1020 612 9 9
285 
0 
1005 613 10 9
286 
0 
993 618 10 7
287 
0 
982 608 25 45
288 
0 
978 609 27 44
289 
0 
974 623 6 6
290 
0 
969 617 24 41
291 
0 
963 616 24 42
292 
0 
958 616 25 43
293 
0 
955 617 23 41
294 
0 
951 608 21 46
295 
0 
949 603 25 49
296 
-2 
0 0 0 0
297 
0 
948 584 25 47
298 
0 
948 581 26 46
299 
0 
948 577 24 44
300 
0 
948 576 24 45
301 
0 
949 574 23 39
302 
0 
949 589 8 9
303 
0 
948 592 12 11
304 
0 
951 603 7 9
305 
0 
951 618 9 10
306 
0 
948 630 7 9
307 
0 
943 636 11 7
308 
0 
939 634 7 9
309 
-2 
0 0 0 0
310 
0 
931 636 11 10
311 
-2 
0 0 0 0
312 
-2 
0 0 0 0
313 
0 
939 642 10 6
314 
0 
940 642 9 7
315 
0 
943 643 11 9
316 
0 
943 645 9 9
317 
0 
942 645 10 9
318 
0 
941 638 22 47
319 
0 
941 638 23 44
320 
0 
942 640 20 44
321 
0 
939 630 23 41
322 
0 
940 630 22 38
323 
0 
948 630 23 44
324 
0 
949 630 22 45
325 
0 
948 630 22 46
326 
0 
946 631 25 43
327 
0 
946 631 24 43
328 
0 
948 630 23 44
329 
0 
946 629 25 45
330 
0 
947 626 24 45
331 
0 
947 625 25 45
332 
0 
946 624 25 44
333 
0 
946 623 25 43
334 
0 
948 622 22 43
335 
0 
948 623 22 41
336 
0 
948 622 22 42
337 
0 
949 620 24 42
338 
0 
949 619 23 44
339 
0 
954 618 24 39
340 
0 
955 610 23 42
341 
0 
959 609 23 43
342 
0 
965 610 22 42
343 
0 
970 610 22 41
344 
0 
975 618 21 41
345 
0 
979 623 25 41
346 
0 
980 627 24 44
347 
0 
981 633 22 40
348 
0 
984 645 19 39
349 
0 
986 643 18 44
350 
0 
985 645 21 43
351 
0 
990 647 22 43
352 
0 
992 645 22 45
353 
0 
994 646 21 43
354 
0 
997 648 24 44
355 
0 
997 650 22 43
356 
0 
1002 651 24 39
357 
0 
1003 652 23 42
358 
0 
1006 652 23 41
359 
0 
1010 651 21 43
360 
0 
1011 650 25 42
361 
0 
1015 649 23 42
362 
0 
1012 649 25 45
363 
0 
1008 647 22 38
364 
0 
1013 652 23 41
365 
0 
1011 649 21 36
366 
0 
1017 650 24 44
367 
0 
1013 648 21 34
368 
0 
1013 647 22 35
369 
0 
1020 652 23 40
370 
0 
1020 650 22 42
371 
0 
1013 648 22 36
372 
0 
1021 651 22 43
373 
0 
1015 650 21 36
374 
0 
1015 655 22 33
375 
0 
1015 656 24 34
376 
0 
1016 663 21 36
377 
0 
1015 668 22 33
378 
0 
1013 671 21 34
379 
0 
1014 677 22 39
380 
0 
1009 677 22 37
381 
0 
1014 683 21 42
382 
0 
1009 678 22 36
383 
0 
1015 683 22 43
384 
0 
1018 684 20 44
385 
0 
1021 685 20 42
386 
0 
1021 686 21 44
387 
0 
1023 685 21 44
388 
0 
1027 688 21 41
389 
0 
1023 689 22 42
390 
0 
1021 690 22 44
391 
0 
1019 694 22 44
392 
0 
1016 693 24 45
393 
0 
1018 694 23 43
394 
0 
1022 691 22 45
395 
0 
1030 690 21 44
396 
0 
1035 688 22 46
397 
0 
1042 685 21 45
398 
0 
1044 682 19 43
399 
0 
1043 677 22 40
400 
0 
1042 673 24 43
401 
0 
1036 670 22 32
402 
0 
1033 670 20 32
403 
0 
1030 667 19 33
404 
0 
1020 665 22 33
405 
0 
1014 664 19 35
406 
0 
1010 666 20 32
407 
0 
1005 668 20 33
408 
0 
991 668 24 31
409 
0 
985 668 23 33
410 
0 
967 672 21 32
411 
0 
946 690 19 39
412 
0 
917 693 21 36
413 
0 
915 697 21 43
414 
0 
909 707 20 38
415 
0 
910 708 19 39
416 
0 
900 708 21 37
417 
0 
905 709 25 36
418 
0 
906 711 24 34
419 
0 
900 713 23 34
420 
0 
902 714 23 43
421 
0 
900 715 24 41
422 
0 
897 716 24 42
423 
0 
891 716 24 43
424 
0 
887 713 24 45
425 
0 
882 716 24 39
426 
0 
880 713 18 39
427 
0 
877 707 22 44
428 
0 
876 707 21 41
429 
0 
872 707 22 41
430 
0 
865 712 24 40
431 
0 
865 711 24 41
432 
0 
864 711 22 42
433 
0 
863 713 24 42
434 
0 
863 716 19 38
435 
0 
860 719 21 38
436 
0 
855 722 20 41
437 
0 
856 732 19 42
438 
0 
852 732 19 43
439 
0 
848 733 20 41
440 
0 
844 733 21 41
441 
0 
842 731 22 44
442 
0 
842 731 20 42
443 
0 
838 728 22 43
444 
0 
834 730 22 41
445 
0 
830 738 19 40
446 
0 
830 737 18 43
447 
0 
827 738 20 45
448 
0 
824 753 17 37
449 
0 
819 753 9 9
450 
0 
814 753 9 7
451 
0 
810 753 9 9
452 
0 
805 753 12 9
453 
0 
801 756 13 9
454 
0 
802 759 8 7
455 
0 
791 749 23 33
456 
0 
790 755 21 33
457 
0 
780 754 24 35
458 
0 
777 757 23 32
459 
0 
769 759 24 32
460 
0 
769 768 22 36
461 
0 
767 778 21 36
462 
0 
765 780 21 37
463 
0 
764 781 21 36
464 
0 
755 782 23 33
465 
0 
750 786 24 36
466 
0 
744 790 24 33
467 
0 
740 791 23 34
468 
0 
729 792 26 35
469 
0 
723 793 26 35
470 
0 
724 793 25 35
471 
0 
725 795 25 33
472 
0 
727 792 24 34
473 
0 
723 794 24 33
474 
0 
722 798 22 36
475 
0 
720 804 23 34
476 
0 
714 816 25 34
477 
0 
717 838 21 36
478 
-2 
0 0 0 0
479 
0 
715 871 24 43
480 
0 
724 880 22 38
481 
0 
732 892 23 44
482 
0 
730 905 21 49
483 
0 
724 929 22 49
484 
0 
717 957 24 43
485 
0 
708 978 23 44
486 
0 
708 990 21 45
487 
0 
710 998 22 46
488 
0 
724 998 22 48
489 
0 
731 997 24 42
490 
0 
753 984 24 49
491 
0 
766 982 26 47
492 
0 
796 961 9 9
493 
0 
816 921 26 45
494 
0 
841 894 24 42
495 
0 
860 878 25 43
496 
0 
436 571 18 52
497 
0 
891 854 24 40
498 
0 
902 856 23 40
499 
0 
916 864 21 37
500 
0 
922 869 20 38
501 
0 
927 879 10 10
502 
0 
929 880 24 39
503 
0 
931 884 23 45
504 
0 
935 890 20 45
505 
0 
941 894 23 43
506 
0 
949 894 21 42
507 
0 
961 889 23 41
508 
0 
972 885 23 39
509 
0 
985 880 24 40
510 
0 
999 876 19 42
511 
0 
1012 872 23 43
512 
0 
1022 870 20 41
513 
0 
1035 873 20 39
514 
0 
1046 872 24 43
515 
0 
1060 880 20 35
516 
0 
1075 881 22 41
517 
0 
1081 890 19 39
518 
0 
1087 897 12 9
519 
0 
1091 893 22 38
520 
0 
1092 892 23 44
521 
0 
1105 889 24 47
522 
0 
1119 880 20 41
523 
0 
1136 857 23 41
524 
0 
1143 838 19 33
525 
0 
1154 809 23 39
526 
0 
1163 788 21 39
527 
0 
1167 765 21 40
528 
0 
1164 754 20 35
529 
0 
1176 735 23 40
530 
0 
1177 723 21 40
531 
0 
1186 708 20 38
532 
0 
1190 696 19 37
533 
0 
1195 679 22 37
534 
0 
1199 661 22 41
535 
0 
1201 647 21 43
536 
0 
1208 634 21 38
537 
0 
1208 628 23 39
538 
0 
1209 625 22 35
539 
0 
1208 620 22 37
540 
0 
1205 611 21 39
541 
0 
1204 608 19 39
542 
0 
1201 604 23 40
543 
0 
1207 602 19 35
544 
0 
1207 600 12 9
545 
0 
1211 594 19 39
546 
0 
1213 600 20 36
547 
0 
1207 620 22 39
548 
0 
1201 643 21 40
549 
0 
1198 657 22 39
550 
0 
1191 669 19 33
551 
0 
1167 673 20 36
552 
0 
1135 685 19 35
553 
0 
1120 702 19 35
554 
-2 
0 0 0 0
555 
0 
1117 719 21 36
556 
0 
1115 718 23 35
557 
0 
1114 717 21 36
558 
0 
1109 717 23 35
559 
0 
1105 714 24 37
560 
0 
1100 712 22 35
561 
0 
1095 702 21 38
562 
0 
1093 690 20 38
563 
0 
1087 671 23 41
564 
0 
1078 650 24 41
565 
0 
1070 633 21 40
566 
0 
1070 629 21 35
567 
0 
1067 628 21 35
568 
0 
1064 625 23 37
569 
0 
1065 623 22 36
570 
0 
1064 623 24 36
571 
0 
1062 624 24 36
572 
0 
1060 625 24 37
573 
0 
1059 625 23 38
574 
0 
1061 624 22 37
575 
0 
1059 624 24 36
576 
0 
1058 625 23 37
577 
0 
1057 633 22 38
578 
0 
1059 654 20 36
579 
0 
1061 677 23 40
580 
0 
1062 694 20 39
581 
0 
1060 709 19 36
582 
0 
1058 719 22 39
583 
0 
1059 739 26 43
584 
0 
1057 758 23 34
585 
0 
1066 765 20 40
586 
0 
1060 766 22 34
587 
0 
1061 767 22 33
588 
0 
1064 762 22 37
589 
0 
1067 759 24 37
590 
0 
1068 759 24 34
591 
0 
1078 754 19 36
592 
0 
1079 755 21 33
593 
0 
1080 745 22 36
594 
0 
1079 743 22 34
595 
0 
1078 740 22 34
596 
0 
1076 736 21 36
597 
0 
1069 734 22 35
598 
0 
1066 729 21 39
599 
0 
1062 724 22 35
600 
0 
1058 725 23 35
601 
0 
1044 733 22 35
602 
0 
1027 738 22 37
603 
0 
1007 748 25 34
604 
0 
1002 755 24 35
605 
0 
996 756 22 33
606 
0 
995 753 22 36
607 
0 
990 752 23 36
608 
0 
987 749 24 33
609 
0 
987 753 22 35
610 
0 
984 755 22 33
611 
0 
982 756 24 32
612 
0 
981 755 22 34
613 
0 
979 755 22 34
614 
0 
979 757 22 33
615 
0 
973 758 24 32
616 
0 
977 760 25 32
617 
0 
971 764 22 33
618 
0 
971 775 22 38
619 
-2 
0 0 0 0
620 
0 
979 803 22 33
621 
0 
985 806 23 35
622 
0 
1012 820 17 36
623 
0 
1029 827 20 35
624 
0 
1041 835 23 32
625 
0 
1062 835 22 39
626 
0 
1080 844 19 41
627 
0 
1089 844 21 42
628 
0 
1094 845 21 44
629 
0 
1099 847 21 38
630 
0 
1104 848 20 37
631 
0 
1114 835 20 38
632 
0 
1115 824 20 33
633 
0 
1130 798 23 39
634 
0 
1140 778 18 39
635 
0 
1147 766 11 8
636 
0 
1150 740 21 37
637 
0 
1149 722 21 35
638 
0 
1139 710 22 34
639 
0 
1132 690 21 37
640 
0 
1132 676 21 33
641 
0 
1131 666 22 34
642 
0 
1132 664 21 35
643 
0 
1131 656 22 37
644 
0 
1129 657 24 36
645 
0 
1129 656 24 31
646 
0 
1131 652 24 34
647 
0 
1131 647 23 36
648 
0 
1133 645 22 36
649 
-2 
0 0 0 0
650 
0 
1137 643 22 37
651 
0 
1140 644 23 36
652 
0 
1149 645 21 36
653 
0 
1151 642 22 38
654 
0 
1157 642 20 38
655 
0 
1162 642 22 36
656 
0 
1185 638 18 42
657 
0 
1195 624 22 36
658 
0 
1223 598 19 41
659 
0 
1262 577 21 41
660 
0 
1302 628 19 31
661 
0 
1328 575 22 40
662 
0 
1329 574 24 37
663 
0 
1367 568 24 35
664 
0 
1379 564 24 40
665 
0 
1398 578 24 34
666 
0 
1427 631 25 38
667 
0 
1435 656 27 37
668 
0 
1438 668 26 38
669 
0 
1438 665 25 39
670 
0 
1438 660 25 40
671 
0 
1439 654 23 38
672 
0 
1442 649 22 40
673 
0 
1443 647 23 42
674 
0 
1440 652 25 38
675 
0 
1427 654 25 38
676 
0 
1412 658 23 36
677 
0 
1377 684 22 39
678 
0 
1348 701 23 35
679 
0 
1340 705 23 40
680 
-1 
0 0 0 0
681 
0 
1301 700 23 37
682 
0 
1277 692 22 35
683 
0 
1255 692 21 33
684 
0 
1230 685 20 37
685 
0 
1206 675 22 33
686 
0 
1198 668 23 34
687 
0 
1189 647 19 43
688 
0 
1186 625 18 41
689 
0 
1172 607 21 36
690 
0 
1161 587 26 38
691 
0 
1159 587 21 38
692 
0 
1143 586 20 42
693 
0 
1159 604 16 36
694 
0 
1108 592 20 40
695 
0 
1090 586 18 36
696 
0 
1077 579 20 38
697 
0 
1072 575 18 37
698 
0 
1071 564 19 39
699 
0 
1070 560 16 38
700 
0 
1064 549 19 36
701 
0 
1047 537 21 36
702 
0 
1035 523 20 36
703 
0 
1018 515 26 35
704 
0 
1114 511 18 37
705 
0 
997 492 26 35
706 
0 
993 482 21 36
707 
0 
984 478 22 33
708 
0 
1109 494 19 37
709 
0 
965 474 22 31
710 
0 
1089 402 17 36
711 
0 
932 467 22 31
712 
0 
921 459 21 38
713 
0 
917 452 20 33
714 
-2 
0 0 0 0
715 
0 
887 445 23 31
716 
0 
869 443 21 32
717 
0 
852 444 9 10
718 
0 
835 432 22 31
719 
0 
825 439 12 12
720 
0 
823 433 20 31
721 
0 
820 442 21 33
722 
0 
820 452 22 32
723 
0 
820 468 23 31
724 
0 
820 486 25 31
725 
0 
829 494 22 34
726 
0 
848 496 22 32
727 
-2 
0 0 0 0
728 
0 
868 537 18 35
729 
0 
858 560 24 36
730 
-2 
0 0 0 0
731 
0 
843 587 27 34
732 
0 
965 583 17 35
733 
0 
849 590 22 34
734 
0 
860 587 24 31
735 
0 
857 586 28 31
736 
0 
848 579 23 32
737 
0 
826 575 22 33
738 
-2 
0 0 0 0
739 
0 
789 546 27 31
740 
0 
781 521 20 32
741 
0 
770 516 26 28
742 
0 
754 509 31 33
743 
0 
755 501 22 34
744 
0 
751 498 22 33
745 
0 
750 495 26 33
746 
0 
755 495 27 33
747 
0 
763 496 27 32
748 
0 
778 510 11 7
749 
0 
776 509 25 32
750 
0 
773 520 25 32
751 
0 
768 521 24 35
752 
0 
761 522 26 28
753 
0 
754 518 29 33
754 
0 
877 552 17 40
755 
0 
727 516 12 9
756 
-1 
0 0 0 0
757 
-2 
0 0 0 0
758 
0 
651 505 9 11
759 
0 
630 472 29 32
760 
-1 
0 0 0 0
761 
-2 
0 0 0 0
762 
-1 
0 0 0 0
763 
-2 
0 0 0 0
764 
-1 
0 0 0 0
765 
-1 
0 0 0 0
766 
-1 
0 0 0 0
767 
-1 
0 0 0 0
768 
-1 
0 0 0 0
769 
-1 
0 0 0 0
770 
-1 
0 0 0 0
771 
-1 
0 0 0 0
772 
-1 
0 0 0 0
773 
-1 
0 0 0 0
774 
-1 
0 0 0 0
775 
-1 
0 0 0 0
776 
-1 
0 0 0 0
777 
-1 
0 0 0 0
778 
-1 
0 0 0 0
779 
-1 
0 0 0 0
780 
-1 
0 0 0 0
