1 
0 
881 247 98 87
2 
0 
885 245 92 81
3 
0 
885 245 92 81
4 
0 
886 242 92 82
5 
0 
886 242 92 82
6 
0 
880 244 95 80
7 
0 
880 244 95 80
8 
0 
880 236 89 85
9 
0 
880 236 89 85
10 
0 
879 240 92 74
11 
0 
879 240 92 74
12 
0 
878 233 90 74
13 
0 
878 233 90 74
14 
0 
881 225 89 80
15 
0 
881 225 89 80
16 
0 
879 225 92 79
17 
0 
879 225 92 79
18 
0 
881 225 87 79
19 
0 
881 225 87 79
20 
0 
878 229 87 77
21 
0 
878 229 87 77
22 
0 
875 228 93 78
23 
0 
875 228 93 78
24 
0 
875 230 88 78
25 
0 
875 230 88 78
26 
0 
875 240 91 71
27 
0 
875 240 91 71
28 
0 
873 231 93 79
29 
0 
873 231 93 79
30 
0 
876 241 87 75
31 
0 
876 241 87 75
32 
0 
874 241 89 80
33 
0 
874 241 89 80
34 
0 
877 241 82 82
35 
0 
877 241 82 82
36 
0 
875 240 89 77
37 
0 
875 240 89 77
38 
0 
877 241 87 73
39 
0 
877 241 87 73
40 
0 
876 232 89 77
41 
0 
876 232 89 77
42 
0 
881 238 83 75
43 
0 
881 238 83 75
44 
0 
878 240 84 72
45 
0 
878 240 84 72
46 
0 
880 237 83 79
47 
0 
880 237 83 79
48 
0 
879 240 83 73
49 
0 
879 240 83 73
50 
0 
878 240 85 76
51 
0 
878 240 85 76
52 
0 
878 242 83 71
53 
0 
878 242 83 71
54 
0 
879 239 83 76
55 
0 
879 239 83 76
56 
0 
876 240 84 76
57 
0 
876 240 84 76
58 
0 
878 242 82 73
59 
0 
878 242 82 73
60 
0 
875 238 87 76
61 
0 
875 238 87 76
62 
0 
878 239 81 73
63 
0 
878 239 81 73
64 
0 
877 228 82 77
65 
0 
877 228 82 77
66 
0 
870 223 85 78
67 
0 
870 223 85 78
68 
0 
877 217 80 81
69 
0 
877 217 80 81
70 
0 
868 217 85 75
71 
0 
868 217 85 75
72 
0 
869 217 86 73
73 
0 
869 217 86 73
74 
0 
872 207 78 79
75 
0 
872 207 78 79
76 
0 
866 202 88 77
77 
0 
866 202 88 77
78 
0 
869 198 83 73
79 
0 
869 198 83 73
80 
0 
869 186 80 79
81 
0 
869 186 80 79
82 
0 
869 185 79 76
83 
0 
869 185 79 76
84 
0 
869 178 81 78
85 
0 
869 178 81 78
86 
0 
868 174 80 74
87 
0 
868 174 80 74
88 
0 
867 173 81 73
89 
0 
867 173 81 73
90 
0 
864 161 83 84
91 
0 
864 161 83 84
92 
0 
866 163 80 77
93 
0 
866 163 80 77
94 
0 
867 162 79 77
95 
0 
867 162 79 77
96 
0 
863 160 82 76
97 
0 
863 160 82 76
98 
0 
866 158 82 75
99 
0 
866 158 82 75
100 
0 
864 156 78 76
101 
0 
864 156 78 76
102 
0 
863 159 81 76
103 
0 
863 159 81 76
104 
0 
864 156 79 81
105 
0 
864 156 79 81
106 
0 
861 160 84 76
107 
0 
861 160 84 76
108 
0 
863 163 78 76
109 
0 
863 163 78 76
110 
0 
859 164 84 78
111 
0 
859 164 84 78
112 
0 
862 165 80 76
113 
0 
862 165 80 76
114 
0 
864 173 80 77
115 
0 
864 173 80 77
116 
0 
864 174 78 77
117 
0 
864 174 78 77
118 
0 
866 186 75 73
119 
0 
866 186 75 73
120 
0 
862 186 77 76
121 
0 
862 186 77 76
122 
0 
865 197 78 71
123 
0 
865 197 78 71
124 
0 
865 198 77 73
125 
0 
865 198 77 73
126 
0 
864 207 77 71
127 
0 
864 207 77 71
128 
0 
863 206 80 77
129 
0 
863 206 80 77
130 
0 
864 219 77 67
131 
0 
864 219 77 67
132 
0 
864 221 78 74
133 
0 
864 221 78 74
134 
0 
865 227 77 74
135 
0 
865 227 77 74
136 
0 
866 231 76 75
137 
0 
866 231 76 75
138 
0 
868 240 74 74
139 
0 
868 240 74 74
140 
0 
865 246 77 70
141 
0 
865 246 77 70
142 
0 
864 253 77 75
143 
0 
864 253 77 75
144 
0 
867 263 78 74
145 
0 
867 263 78 74
146 
0 
867 273 75 72
147 
0 
867 273 75 72
148 
0 
867 286 74 70
149 
0 
867 286 74 70
150 
0 
865 294 78 71
151 
0 
865 294 78 71
152 
0 
866 300 76 74
153 
0 
866 300 76 74
154 
0 
868 309 77 77
155 
0 
868 309 77 77
156 
0 
870 320 75 71
157 
0 
870 320 75 71
158 
0 
871 324 74 73
159 
0 
871 324 74 73
160 
0 
871 333 76 66
161 
0 
871 333 76 66
162 
0 
870 337 78 75
163 
0 
870 337 78 75
164 
0 
873 340 76 74
165 
0 
873 340 76 74
166 
0 
875 347 74 71
167 
0 
875 347 74 71
168 
0 
874 359 76 72
169 
0 
874 359 76 72
170 
0 
875 363 74 70
171 
0 
875 363 74 70
172 
0 
875 369 73 71
173 
0 
875 369 73 71
174 
0 
883 378 68 71
175 
0 
883 378 68 71
176 
0 
882 380 70 75
177 
0 
882 380 70 75
178 
0 
881 386 71 70
179 
0 
881 386 71 70
180 
0 
881 390 74 70
181 
0 
881 390 74 70
182 
0 
881 400 74 72
183 
0 
881 400 74 72
184 
0 
881 401 73 75
185 
0 
881 401 73 75
186 
0 
881 406 72 74
187 
0 
881 406 72 74
188 
0 
881 413 74 71
189 
0 
881 413 74 71
190 
0 
881 411 78 78
191 
0 
881 411 78 78
192 
0 
883 423 71 66
193 
0 
883 423 71 66
194 
0 
882 426 71 70
195 
0 
882 426 71 70
196 
0 
887 426 62 76
197 
0 
887 426 62 76
198 
0 
882 430 72 69
199 
0 
882 430 72 69
200 
0 
882 434 72 69
201 
0 
882 434 72 69
202 
0 
882 435 73 71
203 
0 
882 435 73 71
204 
0 
883 436 74 72
205 
0 
883 436 74 72
206 
0 
883 437 76 72
207 
0 
883 437 76 72
208 
0 
882 436 74 72
209 
0 
882 436 74 72
210 
0 
882 435 72 70
211 
0 
882 435 72 70
212 
0 
883 429 70 70
213 
0 
883 429 70 70
214 
0 
882 423 73 67
215 
0 
882 423 73 67
216 
0 
883 415 71 64
217 
0 
883 415 71 64
218 
0 
882 405 71 68
219 
0 
882 405 71 68
220 
0 
882 389 74 76
221 
0 
882 389 74 76
222 
0 
882 389 71 71
223 
0 
882 389 71 71
224 
0 
887 380 61 75
225 
0 
887 380 61 75
226 
0 
886 378 63 65
227 
0 
886 378 63 65
228 
0 
882 367 71 66
229 
0 
882 367 71 66
230 
0 
890 344 60 78
231 
0 
890 344 60 78
232 
0 
885 336 64 76
233 
0 
885 336 64 76
234 
0 
887 321 61 78
235 
0 
887 321 61 78
236 
0 
887 314 61 77
237 
0 
887 314 61 77
238 
0 
888 311 60 70
239 
0 
888 311 60 70
240 
0 
883 303 72 70
241 
0 
883 303 72 70
242 
0 
887 300 62 74
243 
0 
887 300 62 74
244 
0 
883 302 72 66
245 
0 
883 302 72 66
246 
0 
883 302 71 65
247 
0 
883 302 71 65
248 
0 
883 295 71 73
249 
0 
883 295 71 73
250 
0 
883 296 70 68
251 
0 
883 296 70 68
252 
0 
883 297 69 66
253 
0 
883 297 69 66
254 
0 
887 295 60 70
255 
0 
887 295 60 70
256 
0 
882 292 69 70
257 
0 
882 292 69 70
258 
0 
883 293 60 66
259 
0 
883 293 60 66
260 
0 
883 287 60 75
261 
0 
883 287 60 75
262 
0 
877 287 70 66
263 
0 
877 287 70 66
264 
0 
882 282 59 69
265 
0 
882 282 59 69
266 
0 
876 282 69 62
267 
0 
876 282 69 62
268 
0 
877 282 69 62
269 
0 
877 282 69 62
270 
0 
879 278 62 69
271 
0 
879 278 62 69
272 
0 
879 270 57 69
273 
0 
879 270 57 69
274 
0 
881 277 55 61
275 
0 
881 277 55 61
276 
0 
874 270 59 69
277 
0 
874 270 59 69
278 
0 
870 267 58 67
279 
0 
870 267 58 67
280 
0 
865 268 60 61
281 
0 
865 268 60 61
282 
0 
859 264 67 69
283 
0 
859 264 67 69
284 
0 
850 264 72 68
285 
0 
850 264 72 68
286 
0 
848 269 70 58
287 
0 
848 269 70 58
288 
0 
852 258 58 71
289 
0 
852 258 58 71
290 
0 
849 258 57 66
291 
0 
849 258 57 66
292 
0 
849 259 57 67
293 
0 
849 259 57 67
294 
0 
847 255 57 74
295 
0 
847 255 57 74
296 
0 
844 256 59 67
297 
0 
844 256 59 67
298 
0 
837 260 74 64
299 
0 
837 260 74 64
300 
0 
843 255 59 74
301 
0 
843 255 59 74
302 
0 
843 258 60 66
303 
0 
843 258 60 66
304 
0 
838 259 73 67
305 
0 
838 259 73 67
306 
0 
850 258 59 70
307 
0 
850 258 59 70
308 
0 
854 260 59 66
309 
0 
854 260 59 66
310 
0 
851 267 69 61
311 
0 
851 267 69 61
312 
0 
861 266 63 63
313 
0 
861 266 63 63
314 
0 
866 260 59 68
315 
0 
866 260 59 68
316 
0 
865 266 71 63
317 
0 
865 266 71 63
318 
0 
878 266 61 63
319 
0 
878 266 61 63
320 
0 
890 260 58 67
321 
0 
890 260 58 67
322 
0 
893 259 56 69
323 
0 
893 259 56 69
324 
0 
894 259 55 68
325 
0 
894 259 55 68
326 
0 
890 259 60 68
327 
0 
890 259 60 68
328 
0 
891 265 58 65
329 
0 
891 265 58 65
330 
0 
891 262 57 70
331 
0 
891 262 57 70
332 
0 
895 261 56 64
333 
0 
895 261 56 64
334 
0 
895 260 58 66
335 
0 
895 260 58 66
336 
0 
895 259 59 67
337 
0 
895 259 59 67
338 
0 
896 257 59 70
339 
0 
896 257 59 70
340 
0 
896 259 56 63
341 
0 
896 259 56 63
342 
0 
895 261 58 65
343 
0 
895 261 58 65
344 
0 
896 264 55 70
345 
0 
896 264 55 70
346 
0 
895 268 57 64
347 
0 
895 268 57 64
348 
0 
895 275 56 64
349 
0 
895 275 56 64
350 
0 
893 283 59 59
351 
0 
893 283 59 59
352 
0 
894 289 59 63
353 
0 
894 289 59 63
354 
0 
896 294 56 58
355 
0 
896 294 56 58
356 
0 
897 299 55 61
357 
0 
897 299 55 61
358 
0 
897 304 55 62
359 
0 
897 304 55 62
360 
0 
899 311 58 63
361 
0 
899 311 58 63
362 
0 
901 316 52 65
363 
0 
901 316 52 65
364 
0 
897 329 57 59
365 
0 
897 329 57 59
366 
0 
900 336 56 60
367 
0 
900 336 56 60
368 
0 
902 336 56 60
369 
0 
902 336 56 60
370 
0 
904 326 53 68
371 
0 
904 326 53 68
372 
0 
907 326 55 62
373 
0 
907 326 55 62
374 
0 
906 321 56 64
375 
0 
906 321 56 64
376 
0 
907 315 56 63
377 
0 
907 315 56 63
378 
0 
908 318 55 61
379 
0 
908 318 55 61
380 
0 
905 320 54 60
381 
0 
905 320 54 60
382 
0 
903 321 54 58
383 
0 
903 321 54 58
384 
0 
902 320 51 61
385 
0 
902 320 51 61
386 
0 
904 318 49 64
387 
0 
904 318 49 64
388 
0 
903 318 52 64
389 
0 
903 318 52 64
390 
0 
903 318 51 61
391 
0 
903 318 51 61
392 
0 
903 317 53 60
393 
0 
903 317 53 60
394 
0 
901 316 55 60
395 
0 
901 316 55 60
396 
0 
899 315 56 61
397 
0 
899 315 56 61
398 
0 
898 313 58 61
399 
0 
898 313 58 61
400 
0 
898 311 57 64
401 
0 
898 311 57 64
402 
0 
897 309 55 68
403 
0 
897 309 55 68
404 
0 
898 303 52 71
405 
0 
898 303 52 71
406 
0 
897 304 53 68
407 
0 
897 304 53 68
408 
0 
895 300 56 70
409 
0 
895 300 56 70
410 
0 
895 304 56 62
411 
0 
895 304 56 62
412 
0 
896 303 52 63
413 
0 
896 303 52 63
414 
0 
892 302 56 63
415 
0 
892 302 56 63
416 
0 
890 302 58 59
417 
0 
890 302 58 59
418 
0 
892 301 53 62
419 
0 
892 301 53 62
420 
0 
890 303 56 60
421 
0 
890 303 56 60
422 
0 
894 299 50 70
423 
0 
894 299 50 70
424 
0 
893 304 54 67
425 
0 
893 304 54 67
426 
0 
890 309 54 68
427 
0 
890 309 54 68
428 
0 
892 317 53 62
429 
0 
892 317 53 62
430 
0 
890 326 54 57
431 
0 
890 326 54 57
432 
0 
892 329 51 63
433 
0 
892 329 51 63
434 
0 
885 342 55 57
435 
0 
885 342 55 57
436 
0 
885 348 53 53
437 
0 
885 348 53 53
438 
0 
884 347 54 61
439 
0 
884 347 54 61
440 
0 
884 347 50 69
441 
0 
884 347 50 69
442 
0 
884 356 49 68
443 
0 
884 356 49 68
444 
0 
879 366 48 63
445 
0 
879 366 48 63
446 
0 
875 382 52 60
447 
0 
875 382 52 60
448 
0 
872 401 51 65
449 
0 
872 401 51 65
450 
0 
861 431 55 57
451 
0 
861 431 55 57
452 
0 
858 450 52 62
453 
0 
858 450 52 62
454 
0 
854 460 49 68
455 
0 
854 460 49 68
456 
0 
846 475 52 62
457 
0 
846 475 52 62
458 
0 
844 485 52 64
459 
0 
844 485 52 64
460 
0 
844 498 50 62
461 
0 
844 498 50 62
462 
0 
839 509 49 55
463 
0 
839 509 49 55
464 
0 
836 516 53 61
465 
0 
836 516 53 61
466 
0 
834 526 53 60
467 
0 
834 526 53 60
468 
0 
835 528 48 69
469 
0 
835 528 48 69
470 
0 
829 541 52 60
471 
0 
829 541 52 60
472 
0 
828 548 51 63
473 
0 
828 548 51 63
474 
0 
826 550 49 71
475 
0 
826 550 49 71
476 
0 
824 562 50 60
477 
0 
824 562 50 60
478 
0 
821 570 50 62
479 
0 
821 570 50 62
480 
0 
822 586 48 65
481 
0 
822 586 48 65
482 
0 
813 610 52 55
483 
0 
813 610 52 55
484 
0 
806 638 52 56
485 
0 
806 638 52 56
486 
0 
803 669 50 69
487 
0 
803 669 50 69
488 
0 
796 704 51 55
489 
0 
796 704 51 55
490 
0 
788 722 51 61
491 
0 
788 722 51 61
492 
0 
783 731 54 64
493 
0 
783 731 54 64
494 
0 
782 741 54 59
495 
0 
782 741 54 59
496 
0 
783 735 55 61
497 
0 
783 735 55 61
498 
0 
788 733 48 63
499 
0 
788 733 48 63
500 
0 
795 734 44 65
501 
0 
795 734 44 65
502 
0 
796 735 50 61
503 
0 
796 735 50 61
504 
0 
796 736 54 71
505 
0 
796 736 54 71
506 
0 
802 738 49 67
507 
0 
802 738 49 67
508 
0 
803 741 56 58
509 
0 
803 741 56 58
510 
0 
813 738 49 65
511 
0 
813 738 49 65
512 
0 
821 733 51 65
513 
0 
821 733 51 65
514 
0 
832 733 48 65
515 
0 
832 733 48 65
516 
0 
836 735 53 56
517 
0 
836 735 53 56
518 
0 
846 732 49 58
519 
0 
846 732 49 58
520 
0 
852 728 49 61
521 
0 
852 728 49 61
522 
0 
856 725 49 57
523 
0 
856 725 49 57
524 
0 
861 721 50 58
525 
0 
861 721 50 58
526 
0 
860 717 52 63
527 
0 
860 717 52 63
528 
0 
859 717 58 60
529 
0 
859 717 58 60
530 
0 
864 716 50 64
531 
0 
864 716 50 64
532 
0 
872 718 43 61
533 
0 
872 718 43 61
534 
0 
867 713 53 61
535 
0 
867 713 53 61
536 
0 
869 709 52 67
537 
0 
869 709 52 67
538 
0 
873 708 48 66
539 
0 
873 708 48 66
540 
0 
874 710 50 63
541 
0 
874 710 50 63
542 
0 
875 710 50 66
543 
0 
875 710 50 66
544 
0 
878 707 47 67
545 
0 
878 707 47 67
546 
0 
877 710 51 59
547 
0 
877 710 51 59
548 
0 
875 707 52 58
549 
0 
875 707 52 58
550 
0 
877 706 51 53
551 
0 
877 706 51 53
552 
0 
878 704 49 57
553 
0 
878 704 49 57
554 
0 
877 704 51 53
555 
0 
877 704 51 53
556 
0 
879 701 51 57
557 
0 
879 701 51 57
558 
0 
879 697 51 60
559 
0 
879 697 51 60
560 
0 
883 689 45 59
561 
0 
883 689 45 59
562 
0 
885 690 44 55
563 
0 
885 690 44 55
564 
0 
883 688 50 59
565 
0 
883 688 50 59
566 
0 
883 686 50 52
567 
0 
883 686 50 52
568 
0 
884 683 51 54
569 
0 
884 683 51 54
570 
0 
891 673 41 66
571 
0 
891 673 41 66
572 
0 
891 669 41 58
573 
0 
891 669 41 58
574 
0 
884 663 51 56
575 
0 
884 663 51 56
576 
0 
886 663 50 53
577 
0 
886 663 50 53
578 
0 
886 658 49 57
579 
0 
886 658 49 57
580 
0 
887 654 49 57
581 
0 
887 654 49 57
582 
0 
893 652 49 58
583 
0 
893 652 49 58
584 
0 
896 640 44 62
585 
0 
896 640 44 62
586 
0 
896 641 45 59
587 
0 
896 641 45 59
588 
0 
896 633 46 63
589 
0 
896 633 46 63
590 
0 
895 632 48 59
591 
0 
895 632 48 59
592 
0 
897 630 45 61
593 
0 
897 630 45 61
594 
0 
897 627 47 64
595 
0 
897 627 47 64
596 
0 
901 628 45 62
597 
0 
901 628 45 62
598 
0 
902 630 41 58
599 
0 
902 630 41 58
600 
0 
902 628 43 58
601 
0 
902 628 43 58
602 
0 
904 628 43 59
603 
0 
904 628 43 59
604 
0 
902 618 47 62
605 
0 
902 618 47 62
606 
0 
906 616 43 60
607 
0 
906 616 43 60
608 
0 
905 615 46 61
609 
0 
905 615 46 61
610 
0 
905 614 45 59
611 
0 
905 614 45 59
612 
0 
906 613 46 60
613 
0 
906 613 46 60
614 
0 
909 613 44 58
615 
0 
909 613 44 58
616 
0 
910 611 44 60
617 
0 
910 611 44 60
618 
0 
916 613 41 58
619 
0 
916 613 41 58
620 
0 
913 608 45 59
621 
0 
913 608 45 59
622 
0 
921 608 39 60
623 
0 
921 608 39 60
624 
0 
922 607 38 58
625 
0 
922 607 38 58
626 
0 
922 606 38 58
627 
0 
922 606 38 58
628 
0 
923 602 39 58
629 
0 
923 602 39 58
630 
0 
924 602 39 58
631 
0 
924 602 39 58
632 
0 
925 599 39 60
633 
0 
925 594 42 59
634 
0 
925 593 44 61
635 
0 
925 593 44 61
636 
0 
926 590 44 59
637 
0 
926 590 44 59
638 
0 
927 590 45 59
639 
0 
927 590 45 59
640 
0 
929 589 46 60
641 
0 
929 589 46 60
642 
0 
930 587 42 62
643 
0 
930 587 42 62
644 
0 
935 591 40 60
645 
0 
935 591 40 60
646 
0 
939 588 37 60
647 
0 
939 588 37 60
648 
0 
932 583 45 61
649 
0 
937 587 39 57
650 
0 
939 584 38 58
651 
0 
939 584 38 58
652 
0 
940 580 38 66
653 
0 
940 580 38 66
654 
0 
938 580 39 57
655 
0 
938 580 39 57
656 
0 
939 579 40 57
657 
0 
939 579 40 57
658 
0 
935 571 43 59
659 
0 
935 571 43 59
660 
0 
937 576 40 59
661 
0 
937 576 40 59
662 
0 
932 569 42 59
663 
0 
932 569 42 59
664 
0 
926 570 49 53
665 
0 
926 570 49 53
666 
0 
930 566 41 59
667 
0 
930 566 41 59
668 
0 
927 564 47 59
669 
0 
927 564 47 59
670 
0 
926 564 46 57
671 
0 
926 564 46 57
672 
0 
925 562 47 61
673 
0 
925 562 47 61
674 
0 
924 563 47 59
675 
0 
924 563 47 59
676 
0 
922 564 49 55
677 
0 
922 564 49 55
678 
0 
925 560 37 59
679 
0 
925 560 37 59
680 
0 
924 559 38 55
681 
0 
924 559 38 55
682 
0 
924 556 37 60
683 
0 
924 556 37 60
684 
0 
923 557 39 56
685 
0 
923 557 39 56
686 
0 
923 552 38 62
687 
0 
923 552 38 62
688 
0 
921 552 41 60
689 
0 
921 552 41 60
690 
0 
920 553 40 55
691 
0 
920 553 40 55
692 
0 
921 550 38 58
693 
0 
921 550 38 58
694 
0 
921 548 39 58
695 
0 
921 548 39 58
696 
0 
918 543 38 64
697 
0 
918 543 38 64
698 
0 
919 542 37 66
699 
0 
919 542 37 66
700 
0 
918 541 37 64
701 
0 
918 541 37 64
702 
0 
916 541 40 57
703 
0 
916 541 40 57
704 
0 
916 540 40 56
705 
0 
916 540 40 56
706 
0 
915 537 40 59
707 
0 
915 537 40 59
708 
0 
915 533 38 59
709 
0 
915 533 38 59
710 
0 
913 531 40 61
711 
0 
913 531 40 61
712 
0 
914 531 40 57
713 
0 
914 531 40 57
714 
0 
907 523 44 61
715 
0 
907 523 44 61
716 
0 
908 520 41 63
717 
0 
908 520 41 63
718 
0 
906 521 46 61
719 
0 
906 521 46 61
720 
0 
906 520 46 59
721 
0 
906 520 46 59
722 
0 
908 516 43 65
723 
0 
908 516 43 65
724 
0 
904 518 49 58
725 
0 
904 518 49 58
726 
0 
906 515 44 63
727 
0 
906 515 44 63
728 
0 
911 518 41 55
729 
0 
911 518 41 55
730 
0 
913 516 38 60
731 
0 
913 516 38 60
732 
0 
912 516 39 58
733 
0 
912 516 39 58
734 
0 
911 512 39 57
735 
0 
911 512 39 57
736 
0 
910 514 40 53
737 
0 
908 503 42 62
738 
0 
911 510 39 59
739 
0 
911 510 39 59
740 
0 
911 509 40 57
741 
0 
911 509 40 57
742 
0 
908 501 43 63
743 
0 
908 501 43 63
744 
0 
906 500 45 61
745 
0 
906 500 45 61
746 
0 
907 497 41 65
747 
0 
907 497 41 65
748 
0 
909 496 41 65
749 
0 
909 496 41 65
750 
0 
909 496 41 64
751 
0 
909 496 41 64
752 
0 
905 498 47 60
753 
0 
905 498 47 60
754 
0 
907 495 46 62
755 
0 
907 495 46 62
756 
0 
914 501 40 56
757 
0 
914 501 40 56
758 
0 
914 501 40 58
759 
0 
914 501 40 58
760 
0 
910 497 45 60
761 
0 
910 497 45 60
762 
0 
910 498 47 58
763 
0 
910 498 47 58
764 
0 
910 499 46 58
765 
0 
910 499 46 58
766 
0 
910 496 46 59
767 
0 
910 496 46 59
768 
0 
916 493 39 67
769 
0 
916 493 39 67
770 
0 
917 495 39 59
771 
0 
917 495 39 59
772 
0 
914 486 43 60
773 
0 
914 486 43 60
774 
0 
918 495 38 59
775 
0 
918 495 38 59
776 
0 
918 488 37 69
777 
0 
918 488 37 69
778 
0 
917 489 40 60
779 
0 
917 489 40 60
780 
0 
912 481 44 60
781 
0 
912 481 44 60
782 
0 
911 481 46 60
783 
0 
911 481 46 60
784 
0 
910 482 48 56
785 
0 
910 482 48 56
786 
0 
911 481 47 56
787 
0 
911 481 47 56
788 
0 
910 481 49 54
789 
0 
910 481 49 54
790 
0 
911 479 47 57
791 
0 
911 479 47 57
792 
0 
911 480 47 56
793 
0 
911 480 47 56
794 
0 
910 480 48 56
795 
0 
910 480 48 56
796 
0 
910 480 48 54
797 
0 
910 480 48 54
798 
0 
916 481 40 58
799 
0 
916 481 40 58
800 
0 
909 477 48 55
801 
0 
909 477 48 55
802 
0 
915 479 41 57
803 
0 
915 479 41 57
804 
0 
910 477 47 55
805 
0 
910 477 47 55
806 
0 
911 472 44 64
807 
0 
911 472 44 64
808 
0 
910 472 45 62
809 
0 
910 472 45 62
810 
0 
910 472 45 60
811 
0 
910 472 45 60
812 
0 
916 471 37 62
813 
0 
916 471 37 62
814 
0 
916 473 39 56
815 
0 
916 473 39 56
816 
0 
915 472 38 57
817 
0 
915 472 38 57
818 
0 
914 472 38 55
819 
0 
914 472 38 55
820 
0 
914 471 38 59
821 
0 
914 471 38 59
822 
0 
913 470 37 58
823 
0 
913 470 37 58
824 
0 
910 471 41 57
825 
0 
910 471 41 57
826 
0 
912 471 39 58
827 
0 
912 471 39 58
828 
0 
912 471 39 58
829 
0 
912 471 39 58
830 
0 
909 472 41 56
831 
0 
909 472 41 56
832 
0 
909 473 39 54
833 
0 
909 473 39 54
834 
0 
910 473 39 57
835 
0 
910 473 39 57
836 
0 
907 473 38 55
837 
0 
907 473 38 55
838 
0 
906 474 42 56
839 
0 
906 474 42 56
840 
0 
905 473 41 56
841 
0 
905 473 41 56
842 
0 
903 472 42 56
843 
0 
903 472 42 56
844 
0 
902 472 41 57
845 
0 
902 472 41 57
846 
0 
903 471 39 58
847 
0 
903 471 39 58
848 
0 
901 472 38 55
849 
0 
901 472 38 55
850 
0 
900 472 41 55
851 
0 
900 472 41 55
852 
0 
899 473 41 54
853 
0 
899 473 41 54
854 
0 
899 473 40 54
855 
0 
899 473 40 54
856 
0 
900 473 37 54
857 
0 
900 473 37 54
858 
0 
900 471 38 57
859 
0 
900 471 38 57
860 
0 
899 471 39 58
861 
0 
899 471 39 58
862 
0 
899 470 37 53
863 
0 
899 470 37 53
864 
0 
901 470 33 58
865 
0 
901 470 33 58
866 
0 
899 467 36 57
867 
0 
899 467 36 57
868 
0 
898 468 38 55
869 
0 
898 468 38 55
870 
0 
891 462 41 58
871 
0 
891 462 41 58
872 
0 
889 463 45 57
873 
0 
889 463 45 57
874 
0 
890 461 44 59
875 
0 
890 461 44 59
876 
0 
889 461 44 58
877 
0 
889 461 44 58
878 
0 
889 460 44 58
879 
0 
889 460 44 58
880 
0 
888 458 44 61
881 
0 
888 458 44 61
882 
0 
888 459 45 58
883 
0 
888 459 45 58
884 
0 
891 467 34 44
885 
0 
891 464 37 54
886 
0 
891 462 38 58
887 
0 
891 462 38 58
888 
0 
892 465 34 54
889 
0 
892 465 34 54
890 
0 
889 459 38 61
891 
0 
889 459 38 61
892 
0 
888 462 40 57
893 
0 
888 462 40 57
894 
0 
888 461 40 57
895 
0 
888 461 40 57
896 
0 
888 460 39 58
897 
0 
888 460 39 58
898 
0 
887 458 40 60
899 
0 
887 458 40 60
900 
0 
885 459 40 56
901 
0 
885 459 40 56
902 
0 
887 460 37 56
903 
0 
887 460 37 56
904 
0 
886 459 38 59
905 
0 
886 459 38 59
906 
0 
884 460 40 57
907 
0 
884 460 40 57
908 
0 
886 462 38 56
909 
0 
886 462 38 56
910 
0 
884 459 39 58
911 
0 
884 459 39 58
912 
0 
884 461 40 55
913 
0 
884 461 40 55
914 
0 
883 459 37 55
915 
0 
883 459 37 55
916 
0 
882 459 41 58
917 
0 
882 459 41 58
918 
0 
882 460 39 54
919 
0 
882 460 39 54
920 
0 
878 456 42 59
921 
0 
878 456 42 59
922 
0 
881 457 36 58
923 
0 
881 457 36 58
924 
0 
881 456 37 56
925 
0 
881 456 37 56
926 
0 
880 456 37 55
927 
0 
880 456 37 55
928 
0 
878 450 38 60
929 
0 
878 450 38 60
930 
0 
879 453 37 56
931 
0 
879 453 37 56
932 
0 
877 448 38 62
933 
0 
877 448 38 62
934 
0 
877 449 37 60
935 
0 
877 449 37 60
936 
0 
878 448 34 59
937 
0 
878 448 34 59
938 
0 
876 448 38 62
939 
0 
876 448 38 62
940 
0 
876 449 35 57
941 
0 
876 449 35 57
942 
0 
875 448 39 59
943 
0 
875 448 39 59
944 
0 
876 443 35 60
945 
0 
876 443 35 60
946 
0 
876 446 35 57
947 
0 
876 446 35 57
948 
0 
875 446 36 55
949 
0 
875 446 36 55
950 
0 
874 444 37 58
951 
0 
874 444 37 58
952 
0 
874 444 37 55
953 
0 
874 444 37 55
954 
0 
874 442 38 56
955 
0 
874 442 38 56
956 
0 
873 441 40 56
957 
0 
873 441 40 56
958 
0 
874 440 39 59
959 
0 
874 440 39 59
960 
0 
872 440 42 55
961 
0 
872 440 42 55
962 
0 
872 441 42 49
963 
0 
872 441 42 49
964 
0 
874 438 38 54
965 
0 
874 438 38 54
966 
0 
874 435 39 52
967 
0 
874 435 39 52
968 
0 
875 432 37 55
969 
0 
875 432 37 55
970 
0 
876 429 36 56
971 
0 
876 429 36 56
972 
0 
877 428 36 56
973 
0 
877 428 36 56
974 
0 
878 426 35 56
975 
0 
878 426 35 56
976 
0 
879 424 37 55
977 
0 
879 424 37 55
978 
0 
880 425 37 53
979 
0 
880 425 37 53
980 
0 
879 420 39 59
981 
0 
879 420 39 59
982 
0 
882 420 37 56
983 
0 
882 420 37 56
984 
0 
882 418 36 56
985 
0 
882 418 36 56
986 
0 
884 414 38 57
987 
0 
884 414 38 57
988 
0 
887 414 35 53
989 
0 
887 414 35 53
990 
0 
888 409 38 61
991 
0 
888 409 38 61
992 
0 
888 409 41 57
993 
0 
888 409 41 57
994 
0 
893 410 36 59
995 
0 
893 410 36 59
996 
0 
892 413 36 56
997 
0 
892 413 36 56
998 
0 
893 414 38 55
999 
0 
893 414 38 55
1000 
0 
894 414 38 60
1001 
0 
894 414 38 60
1002 
0 
897 416 38 52
1003 
0 
897 416 38 52
1004 
0 
898 416 36 51
1005 
0 
898 416 36 51
1006 
0 
897 415 40 51
1007 
0 
897 415 40 51
1008 
0 
899 412 36 56
1009 
0 
899 412 36 56
1010 
0 
897 415 39 51
1011 
0 
897 415 39 51
1012 
0 
898 412 37 53
1013 
0 
898 412 37 53
1014 
0 
896 410 36 55
1015 
0 
896 410 36 55
1016 
0 
895 407 36 61
1017 
0 
895 407 36 61
1018 
0 
894 405 36 57
1019 
0 
894 405 36 57
1020 
0 
892 406 35 54
1021 
0 
892 406 35 54
1022 
0 
891 403 37 60
1023 
0 
891 403 37 60
1024 
0 
889 405 35 55
1025 
0 
889 405 35 55
1026 
0 
889 401 36 56
1027 
0 
889 401 36 56
1028 
0 
888 397 37 58
1029 
0 
888 397 37 58
1030 
0 
892 397 34 51
1031 
0 
892 397 34 51
1032 
0 
891 390 36 60
1033 
0 
891 390 36 60
1034 
0 
891 390 36 54
1035 
0 
891 390 36 54
1036 
0 
890 387 36 56
1037 
0 
890 387 36 56
1038 
0 
890 385 37 58
1039 
0 
890 385 37 58
1040 
0 
889 385 37 55
1041 
0 
889 385 37 55
1042 
0 
887 382 38 57
1043 
0 
887 382 38 57
1044 
0 
887 382 37 55
1045 
0 
887 382 37 55
1046 
0 
889 377 36 58
1047 
0 
889 377 36 58
1048 
0 
888 377 37 56
1049 
0 
888 377 37 56
1050 
0 
889 380 35 51
1051 
0 
889 380 35 51
1052 
0 
888 377 35 58
1053 
0 
888 377 35 58
1054 
0 
888 378 35 55
1055 
0 
888 378 35 55
1056 
0 
889 380 34 52
1057 
0 
889 380 34 52
1058 
0 
887 378 35 55
1059 
0 
887 378 35 55
1060 
0 
889 378 34 53
1061 
0 
889 378 34 53
1062 
0 
890 376 35 56
1063 
0 
890 376 35 56
1064 
0 
892 374 32 56
1065 
0 
892 374 32 56
1066 
0 
893 374 35 57
1067 
0 
893 374 35 57
1068 
0 
895 376 35 55
1069 
0 
895 376 35 55
1070 
0 
898 378 37 55
1071 
0 
898 378 37 55
1072 
0 
900 386 36 52
1073 
0 
900 386 36 52
1074 
0 
901 394 36 45
1075 
0 
901 394 36 45
1076 
0 
907 399 35 54
1077 
0 
907 399 35 54
1078 
0 
910 401 34 55
1079 
0 
910 401 34 55
1080 
0 
911 405 35 55
1081 
0 
911 405 35 55
1082 
0 
914 408 35 53
1083 
0 
914 408 35 53
1084 
0 
918 409 34 55
1085 
0 
918 409 34 55
1086 
0 
919 411 35 56
1087 
0 
919 411 35 56
1088 
0 
920 415 34 53
1089 
0 
920 415 34 53
1090 
0 
921 419 32 50
1091 
0 
921 419 32 50
1092 
0 
922 417 37 49
1093 
0 
922 417 37 49
1094 
0 
923 417 37 52
1095 
0 
923 417 37 52
1096 
0 
922 417 37 53
1097 
0 
922 417 37 53
1098 
0 
924 416 35 55
1099 
0 
924 416 35 55
1100 
0 
924 418 36 53
1101 
0 
924 418 36 53
1102 
0 
925 418 35 57
1103 
0 
925 418 35 57
1104 
0 
926 419 36 55
1105 
0 
926 419 36 55
1106 
0 
926 420 34 53
1107 
0 
926 420 34 53
1108 
0 
928 421 33 54
1109 
0 
928 421 33 54
1110 
0 
925 422 38 51
1111 
0 
925 422 38 51
1112 
0 
926 423 35 53
1113 
0 
926 423 35 53
1114 
0 
927 424 33 53
1115 
0 
927 424 33 53
1116 
0 
928 426 32 51
1117 
0 
928 426 32 51
1118 
0 
926 426 32 57
1119 
0 
926 426 32 57
1120 
0 
924 429 35 53
1121 
0 
924 429 35 53
1122 
0 
925 429 33 52
1123 
0 
925 429 33 52
1124 
0 
924 427 35 56
1125 
0 
924 427 35 56
1126 
0 
925 429 34 52
1127 
0 
925 429 34 52
1128 
0 
926 432 34 50
1129 
0 
926 432 34 50
1130 
0 
928 432 34 54
1131 
0 
928 432 34 54
1132 
0 
928 439 37 53
1133 
0 
928 439 37 53
1134 
0 
929 446 35 54
1135 
0 
929 446 35 54
1136 
0 
930 452 35 53
1137 
0 
930 452 35 53
1138 
0 
932 454 35 52
1139 
0 
932 454 35 52
1140 
0 
932 457 35 54
1141 
0 
932 457 35 54
1142 
0 
932 460 35 53
1143 
0 
932 460 35 53
1144 
0 
931 465 34 51
1145 
0 
931 465 34 51
1146 
0 
931 466 34 55
1147 
0 
931 466 34 55
1148 
0 
930 469 34 52
1149 
0 
930 469 34 52
1150 
0 
931 469 33 54
1151 
0 
931 469 33 54
1152 
0 
930 470 33 52
1153 
0 
930 470 33 52
1154 
0 
930 471 33 51
1155 
0 
930 471 33 51
1156 
0 
929 471 34 51
1157 
0 
929 471 34 51
1158 
0 
929 475 32 51
1159 
0 
929 475 32 51
1160 
0 
929 475 32 52
1161 
0 
929 475 32 52
1162 
0 
929 475 33 52
1163 
0 
929 475 33 52
1164 
0 
929 480 33 45
1165 
0 
929 480 33 45
1166 
0 
929 476 33 51
1167 
0 
929 476 33 51
1168 
0 
926 474 36 53
1169 
0 
926 474 36 53
1170 
0 
929 476 32 48
1171 
0 
929 476 32 48
1172 
0 
929 470 33 52
1173 
0 
929 470 33 52
1174 
0 
928 468 34 48
1175 
0 
928 468 34 48
1176 
0 
927 461 34 55
1177 
0 
927 461 34 55
1178 
0 
926 461 32 49
1179 
0 
926 461 32 49
1180 
0 
924 460 35 51
1181 
0 
924 460 35 51
1182 
0 
924 459 34 50
1183 
0 
924 459 34 50
1184 
0 
924 457 34 51
1185 
0 
924 457 34 51
1186 
0 
923 453 35 52
1187 
0 
923 453 35 52
1188 
0 
923 442 36 52
1189 
0 
923 442 36 52
1190 
0 
924 416 34 48
1191 
0 
924 416 34 48
1192 
0 
925 381 32 48
1193 
0 
925 381 32 48
1194 
0 
924 356 33 50
1195 
0 
924 356 33 50
1196 
0 
923 350 30 48
1197 
0 
923 350 30 48
1198 
0 
921 340 32 52
1199 
0 
921 340 32 52
1200 
0 
923 333 30 49
1201 
0 
923 333 30 49
1202 
0 
923 325 29 48
1203 
0 
923 325 29 48
1204 
0 
924 312 33 51
1205 
0 
924 312 33 51
1206 
0 
922 309 31 51
1207 
0 
922 309 31 51
1208 
0 
921 311 32 51
1209 
0 
921 311 32 51
1210 
0 
920 318 31 52
1211 
0 
920 318 31 52
1212 
0 
919 330 32 53
1213 
0 
919 330 32 53
1214 
0 
916 336 32 48
1215 
0 
916 336 32 48
1216 
0 
915 340 31 49
1217 
0 
915 340 31 49
1218 
0 
914 342 33 50
1219 
0 
914 342 33 50
1220 
0 
913 347 35 50
1221 
0 
913 347 35 50
1222 
0 
913 356 34 52
1223 
0 
913 356 34 52
1224 
0 
913 365 36 52
1225 
0 
913 365 36 52
1226 
0 
914 378 34 48
1227 
0 
914 378 34 48
1228 
0 
912 388 34 49
1229 
0 
912 388 34 49
1230 
0 
914 396 33 51
1231 
0 
914 396 33 51
1232 
0 
913 402 35 52
1233 
0 
913 402 35 52
1234 
0 
913 409 35 50
1235 
0 
913 409 35 50
1236 
0 
914 412 33 50
1237 
0 
914 412 33 50
1238 
0 
914 413 32 50
1239 
0 
914 413 32 50
1240 
0 
912 414 36 54
1241 
0 
912 414 36 54
1242 
0 
913 416 35 52
1243 
0 
913 416 35 52
1244 
0 
913 420 34 48
1245 
0 
913 420 34 48
1246 
0 
915 418 34 53
1247 
0 
915 418 34 53
1248 
0 
915 420 35 53
1249 
0 
915 420 35 53
1250 
0 
916 420 33 51
1251 
0 
916 420 33 51
1252 
0 
918 421 31 49
1253 
0 
918 421 31 49
1254 
0 
921 422 31 50
1255 
0 
921 422 31 50
1256 
0 
922 420 29 49
1257 
0 
922 420 29 49
1258 
0 
921 420 34 50
1259 
0 
921 420 34 50
1260 
0 
923 416 34 51
1261 
0 
923 416 34 51
1262 
0 
923 420 35 49
1263 
0 
923 420 35 49
1264 
0 
924 422 33 45
1265 
0 
924 422 33 45
1266 
0 
923 421 35 48
1267 
0 
923 421 35 48
1268 
0 
924 419 35 53
1269 
0 
924 419 35 53
1270 
0 
925 423 33 45
1271 
0 
925 423 33 45
1272 
0 
926 423 33 44
1273 
0 
926 423 33 44
1274 
0 
925 425 35 43
1275 
0 
925 425 35 43
1276 
0 
927 426 33 44
1277 
0 
927 426 33 44
1278 
0 
928 426 32 45
1279 
0 
928 426 32 45
1280 
0 
928 429 32 43
1281 
0 
928 429 32 43
1282 
0 
929 430 33 42
1283 
0 
929 430 33 42
1284 
0 
931 429 33 45
1285 
0 
931 429 33 45
1286 
0 
932 427 33 47
1287 
0 
932 427 33 47
1288 
0 
935 427 33 47
1289 
0 
935 427 33 47
1290 
0 
937 428 33 46
1291 
0 
937 428 33 46
1292 
0 
938 426 33 49
1293 
0 
938 426 33 49
1294 
0 
939 429 31 45
1295 
0 
939 429 31 45
1296 
0 
941 428 31 47
1297 
0 
941 428 31 47
1298 
0 
942 430 32 49
1299 
0 
942 430 32 49
1300 
0 
944 429 31 45
1301 
0 
944 429 31 45
1302 
0 
943 429 32 45
1303 
0 
943 429 32 45
1304 
0 
946 429 31 44
1305 
0 
946 429 31 44
1306 
0 
946 429 31 44
1307 
0 
946 429 31 44
1308 
0 
946 429 31 44
1309 
0 
946 429 31 44
1310 
0 
946 428 31 46
1311 
0 
946 428 31 46
1312 
0 
948 429 33 43
1313 
0 
948 429 33 43
1314 
0 
949 429 32 43
1315 
0 
949 429 32 43
1316 
0 
949 427 33 45
1317 
0 
949 427 33 45
1318 
0 
950 426 33 47
1319 
0 
950 426 33 47
1320 
0 
950 424 34 47
1321 
0 
950 424 34 47
1322 
0 
951 424 32 44
1323 
0 
951 424 32 44
1324 
0 
951 423 34 45
1325 
0 
951 423 34 45
1326 
0 
952 424 32 44
1327 
0 
952 424 32 44
1328 
0 
952 422 31 46
1329 
0 
952 422 31 46
1330 
0 
951 422 35 43
1331 
0 
951 422 35 43
1332 
0 
954 421 32 47
1333 
0 
954 421 32 47
1334 
0 
955 421 31 45
1335 
0 
955 421 31 45
1336 
0 
954 419 34 46
1337 
0 
954 419 34 46
1338 
0 
955 419 32 46
1339 
0 
955 419 32 46
1340 
0 
955 418 35 45
1341 
0 
955 418 35 45
1342 
0 
955 417 34 46
1343 
0 
955 417 34 46
1344 
0 
955 416 34 46
1345 
0 
955 416 34 46
1346 
0 
955 418 33 43
1347 
0 
955 418 33 43
1348 
0 
955 416 32 43
1349 
0 
955 416 32 43
1350 
0 
955 415 32 46
1351 
0 
955 415 32 46
1352 
0 
955 414 31 43
1353 
0 
955 414 31 43
1354 
0 
955 414 30 41
1355 
0 
955 414 30 41
1356 
0 
956 409 28 46
1357 
0 
956 409 28 46
1358 
0 
953 407 32 42
1359 
0 
953 407 32 42
1360 
0 
952 403 31 47
1361 
0 
952 403 31 47
1362 
0 
952 402 31 47
1363 
0 
952 402 31 47
1364 
0 
950 404 30 48
1365 
0 
950 404 30 48
1366 
0 
946 418 28 49
1367 
0 
946 418 28 49
1368 
0 
938 425 31 48
1369 
0 
938 425 31 48
1370 
0 
936 428 31 47
1371 
0 
936 428 31 47
1372 
0 
936 428 32 46
1373 
0 
936 428 32 46
1374 
0 
937 428 32 45
1375 
0 
937 428 32 45
1376 
0 
936 428 33 43
1377 
0 
936 428 33 43
1378 
0 
935 429 32 44
1379 
0 
935 429 32 44
1380 
0 
935 430 32 43
1381 
0 
935 430 32 43
1382 
0 
935 431 32 42
1383 
0 
935 431 32 42
1384 
0 
932 430 33 44
1385 
0 
932 430 33 44
1386 
0 
930 432 31 45
1387 
0 
930 432 31 45
1388 
0 
931 433 29 44
1389 
0 
931 433 29 44
1390 
0 
930 435 30 41
1391 
0 
930 435 30 41
1392 
0 
928 436 32 42
1393 
0 
928 436 32 42
1394 
0 
928 435 32 42
1395 
0 
928 435 32 42
1396 
0 
926 435 31 47
1397 
0 
926 435 31 47
1398 
0 
926 436 31 45
1399 
0 
926 436 31 45
1400 
0 
925 441 31 39
1401 
0 
925 441 31 39
1402 
0 
925 441 31 39
1403 
0 
925 441 31 39
1404 
0 
926 441 29 40
1405 
0 
926 441 29 40
1406 
0 
926 442 28 38
1407 
0 
926 442 28 38
1408 
0 
924 442 28 39
1409 
0 
924 442 28 39
1410 
0 
924 441 27 41
1411 
0 
924 441 27 41
1412 
0 
923 438 28 44
1413 
0 
923 438 28 44
1414 
0 
923 437 27 44
1415 
0 
923 437 27 44
1416 
0 
921 436 28 45
1417 
0 
921 436 28 45
1418 
0 
920 433 29 46
1419 
0 
920 433 29 46
1420 
0 
919 433 29 45
1421 
0 
919 433 29 45
1422 
0 
919 429 31 45
1423 
0 
919 429 31 45
1424 
0 
918 430 29 41
1425 
0 
918 430 29 41
1426 
0 
916 428 32 43
1427 
0 
916 428 32 43
1428 
0 
914 424 33 50
1429 
0 
914 424 33 50
1430 
0 
915 422 32 48
1431 
0 
915 422 32 48
1432 
0 
912 422 32 45
1433 
0 
912 422 32 45
1434 
0 
913 422 32 43
1435 
0 
913 422 32 43
1436 
0 
912 420 33 43
1437 
0 
912 420 33 43
1438 
0 
912 418 32 46
1439 
0 
912 418 32 46
1440 
0 
911 417 32 44
1441 
0 
911 417 32 44
1442 
0 
911 416 31 44
1443 
0 
911 416 31 44
1444 
0 
908 413 32 45
1445 
0 
908 413 32 45
1446 
0 
907 413 31 45
1447 
0 
907 413 31 45
1448 
0 
907 412 30 45
1449 
0 
907 412 30 45
1450 
0 
907 412 30 43
1451 
0 
907 412 30 43
1452 
0 
907 408 30 39
1453 
0 
907 408 30 39
1454 
0 
907 402 30 41
1455 
0 
907 402 30 41
1456 
0 
906 399 32 36
1457 
0 
906 399 32 36
1458 
0 
908 388 30 43
1459 
0 
908 388 30 43
1460 
0 
905 383 31 43
1461 
0 
905 383 31 43
1462 
0 
904 376 32 46
1463 
0 
904 376 32 46
1464 
0 
904 374 31 42
1465 
0 
904 374 31 42
1466 
0 
903 371 33 45
1467 
0 
903 371 33 45
1468 
0 
902 367 32 46
1469 
0 
902 367 32 46
1470 
0 
903 366 32 44
1471 
0 
903 366 32 44
1472 
0 
905 361 30 44
1473 
0 
905 361 30 44
1474 
0 
904 358 30 47
1475 
0 
904 358 30 47
1476 
0 
903 355 30 46
1477 
0 
903 355 30 46
1478 
0 
903 354 32 45
1479 
0 
903 354 32 45
1480 
0 
903 353 30 41
1481 
0 
903 353 30 41
1482 
0 
903 351 31 40
1483 
0 
903 351 31 40
1484 
0 
902 349 31 40
1485 
0 
902 349 31 40
1486 
0 
904 349 30 38
1487 
0 
904 349 30 38
1488 
0 
903 345 32 43
1489 
0 
903 345 32 43
1490 
0 
904 345 30 40
1491 
0 
904 345 30 40
1492 
0 
907 343 27 44
1493 
0 
907 343 27 44
1494 
0 
905 338 31 44
1495 
0 
905 338 31 44
1496 
0 
904 338 32 43
1497 
0 
904 338 32 43
1498 
0 
904 337 32 43
1499 
0 
904 337 32 43
1500 
0 
905 336 31 45
1501 
0 
905 336 31 45
1502 
0 
906 337 30 45
1503 
0 
906 337 30 45
1504 
0 
905 340 31 40
1505 
0 
905 340 31 40
1506 
0 
907 341 31 40
1507 
0 
907 341 31 40
1508 
0 
907 342 30 39
1509 
0 
907 342 30 39
1510 
0 
908 341 31 41
1511 
0 
908 341 31 41
1512 
0 
907 341 30 40
1513 
0 
907 341 30 40
1514 
0 
908 345 29 41
1515 
0 
908 345 29 41
1516 
0 
906 350 31 40
1517 
0 
906 350 31 40
1518 
0 
909 353 30 42
1519 
0 
909 353 30 42
1520 
0 
910 352 30 48
1521 
0 
910 352 30 48
1522 
0 
909 358 30 44
1523 
0 
909 358 30 44
1524 
0 
908 360 33 45
1525 
0 
908 360 33 45
1526 
0 
910 361 31 45
1527 
0 
910 361 31 45
1528 
0 
911 364 28 47
1529 
0 
911 364 28 47
1530 
0 
911 363 32 42
1531 
0 
911 363 32 42
1532 
0 
912 363 31 41
1533 
0 
912 363 31 41
1534 
0 
913 362 31 42
1535 
0 
913 362 31 42
1536 
0 
917 362 29 43
1537 
0 
917 362 29 43
1538 
0 
916 363 30 41
1539 
0 
916 363 30 41
1540 
0 
918 366 27 45
1541 
0 
918 366 27 45
1542 
0 
918 367 28 45
1543 
0 
918 367 28 45
1544 
0 
917 371 29 43
1545 
0 
917 371 29 43
1546 
0 
918 374 29 44
1547 
0 
918 374 29 44
1548 
0 
918 378 31 46
1549 
0 
918 378 31 46
1550 
0 
918 381 30 45
1551 
0 
918 381 30 45
1552 
0 
918 384 31 43
1553 
0 
918 384 31 43
1554 
0 
921 387 28 47
1555 
0 
921 387 28 47
1556 
0 
921 390 28 43
1557 
0 
921 390 28 43
1558 
0 
920 391 28 42
1559 
0 
920 391 28 42
1560 
0 
921 394 28 40
1561 
0 
921 394 28 40
1562 
0 
922 397 28 41
1563 
0 
922 397 28 41
1564 
0 
923 398 27 43
1565 
0 
923 398 27 43
1566 
0 
923 397 27 46
1567 
0 
923 397 27 46
1568 
0 
924 400 26 45
1569 
0 
924 400 26 45
1570 
0 
922 399 28 49
1571 
0 
922 399 28 49
1572 
0 
923 402 28 46
1573 
0 
923 402 28 46
1574 
0 
923 406 29 43
1575 
0 
923 406 29 43
1576 
0 
923 407 28 42
1577 
0 
923 407 28 42
1578 
0 
926 411 30 45
1579 
0 
926 411 30 45
1580 
0 
923 413 29 45
1581 
0 
923 413 29 45
1582 
0 
927 414 28 44
1583 
0 
927 414 28 44
1584 
0 
926 417 30 41
1585 
0 
926 417 30 41
1586 
0 
927 420 29 40
1587 
0 
927 420 29 40
1588 
0 
926 419 31 43
1589 
0 
926 419 31 43
1590 
0 
926 421 31 42
1591 
0 
926 421 31 42
1592 
0 
927 422 31 44
1593 
0 
927 422 31 44
1594 
0 
927 421 31 46
1595 
0 
927 421 31 46
1596 
0 
929 424 31 46
1597 
0 
929 424 31 46
1598 
0 
929 425 31 44
1599 
0 
929 425 31 44
1600 
0 
929 426 32 45
1601 
0 
929 426 32 45
1602 
0 
931 430 31 39
1603 
0 
931 430 31 39
1604 
0 
931 428 33 45
1605 
0 
931 428 33 45
1606 
0 
932 429 31 41
1607 
0 
932 429 31 41
1608 
0 
934 430 32 41
1609 
0 
934 430 32 41
1610 
0 
935 430 32 40
1611 
0 
935 430 32 40
1612 
0 
937 431 31 38
1613 
0 
937 431 31 38
1614 
0 
938 427 30 43
1615 
0 
938 427 30 43
1616 
0 
938 427 32 42
1617 
0 
938 427 32 42
1618 
0 
940 427 30 44
1619 
0 
940 427 30 44
1620 
0 
940 427 31 43
1621 
0 
940 427 31 43
1622 
0 
941 424 31 45
1623 
0 
941 424 31 45
1624 
0 
943 424 31 44
1625 
0 
943 424 31 44
1626 
0 
943 419 31 47
1627 
0 
943 419 31 47
1628 
0 
944 416 31 47
1629 
0 
944 416 31 47
1630 
0 
943 410 31 51
1631 
0 
943 410 31 51
1632 
0 
944 404 31 47
1633 
0 
944 404 31 47
1634 
0 
947 403 28 42
1635 
0 
947 403 28 42
1636 
0 
950 400 29 42
1637 
0 
950 400 29 42
1638 
0 
949 399 31 42
1639 
0 
949 399 31 42
1640 
0 
951 399 29 40
1641 
0 
951 399 29 40
1642 
0 
950 399 29 40
1643 
0 
950 399 29 40
1644 
0 
950 397 29 41
1645 
0 
950 397 29 41
1646 
0 
950 396 30 41
1647 
0 
950 396 30 41
1648 
0 
950 398 30 39
1649 
0 
950 398 30 39
1650 
0 
950 397 29 39
1651 
0 
950 397 29 39
1652 
0 
951 397 28 40
1653 
0 
951 397 28 40
1654 
0 
950 396 29 39
1655 
0 
950 396 29 39
1656 
0 
950 395 29 41
1657 
0 
950 395 29 41
1658 
0 
950 395 28 41
1659 
0 
950 395 28 41
1660 
0 
951 396 26 40
1661 
0 
951 396 26 40
1662 
0 
949 395 26 42
1663 
0 
949 395 26 42
1664 
0 
947 394 28 43
1665 
0 
947 394 28 43
1666 
0 
946 392 28 44
1667 
0 
946 392 28 44
1668 
0 
946 391 28 45
1669 
0 
946 391 28 45
1670 
0 
946 388 28 46
1671 
0 
946 388 28 46
1672 
0 
944 382 31 47
1673 
0 
944 382 31 47
1674 
0 
945 383 29 42
1675 
0 
945 383 29 42
1676 
0 
945 377 29 49
1677 
0 
945 377 29 49
1678 
0 
945 376 29 47
1679 
0 
945 376 29 47
1680 
0 
946 374 28 49
1681 
0 
946 374 28 49
1682 
0 
945 374 28 45
1683 
0 
945 374 28 45
1684 
0 
944 372 28 45
1685 
0 
944 372 28 45
1686 
0 
943 370 30 46
1687 
0 
943 370 30 46
1688 
0 
943 371 31 43
1689 
0 
943 371 31 43
1690 
0 
943 369 29 44
1691 
0 
943 369 29 44
1692 
0 
943 367 30 48
1693 
0 
943 367 30 48
1694 
0 
942 367 30 45
1695 
0 
942 367 30 45
1696 
0 
941 365 33 47
1697 
0 
941 365 33 47
1698 
0 
942 363 31 51
1699 
0 
942 363 31 51
1700 
0 
941 364 29 48
1701 
0 
941 364 29 48
1702 
0 
941 364 29 48
1703 
0 
941 364 29 48
1704 
0 
940 363 31 51
1705 
0 
940 363 31 51
1706 
0 
939 363 30 49
1707 
0 
939 363 30 49
1708 
0 
939 364 30 50
1709 
0 
939 364 30 50
1710 
0 
939 364 31 48
1711 
0 
939 364 31 48
1712 
0 
938 361 32 45
1713 
0 
938 361 32 45
1714 
0 
937 360 33 48
1715 
0 
937 360 33 48
1716 
0 
936 362 35 43
1717 
0 
936 362 35 43
1718 
0 
936 361 34 46
1719 
0 
936 361 34 46
1720 
0 
934 363 31 49
1721 
0 
934 363 31 49
1722 
0 
932 366 32 47
1723 
0 
932 366 32 47
1724 
0 
931 368 32 43
1725 
0 
931 368 32 43
1726 
0 
931 368 32 44
1727 
0 
931 368 32 44
1728 
0 
933 367 30 45
1729 
0 
933 367 30 45
1730 
0 
929 369 32 44
1731 
0 
929 369 32 44
1732 
0 
930 371 32 42
1733 
0 
930 371 32 42
1734 
0 
926 372 34 44
1735 
0 
926 372 34 44
1736 
0 
925 374 33 43
1737 
0 
925 374 33 43
1738 
0 
922 376 30 46
1739 
0 
922 376 30 46
1740 
0 
917 377 32 43
1741 
0 
917 377 32 43
1742 
0 
911 380 33 40
1743 
0 
911 380 33 40
1744 
0 
908 380 34 45
1745 
0 
908 380 34 45
1746 
0 
905 383 32 41
1747 
0 
905 383 32 41
1748 
0 
900 384 34 43
1749 
0 
900 384 34 43
1750 
0 
896 388 31 45
1751 
0 
896 388 31 45
1752 
0 
892 393 31 44
1753 
0 
892 393 31 44
1754 
0 
886 397 33 45
1755 
0 
886 397 33 45
1756 
0 
881 401 31 48
1757 
0 
881 401 31 48
1758 
0 
876 404 33 46
1759 
0 
876 404 33 46
1760 
0 
870 407 32 51
1761 
0 
870 407 32 51
1762 
0 
865 409 32 51
1763 
0 
865 409 32 51
1764 
0 
858 416 32 43
1765 
0 
858 416 32 43
1766 
0 
854 416 33 48
1767 
0 
854 416 33 48
1768 
0 
852 418 33 42
1769 
0 
852 418 33 42
1770 
0 
850 418 31 48
1771 
0 
850 418 31 48
1772 
0 
848 418 29 48
1773 
0 
848 418 29 48
1774 
0 
843 417 34 54
1775 
0 
843 417 34 54
1776 
0 
841 420 33 51
1777 
0 
841 420 33 51
1778 
0 
839 422 34 48
1779 
0 
839 422 34 48
1780 
0 
836 423 33 50
1781 
0 
836 423 33 50
1782 
0 
832 423 35 47
1783 
0 
832 423 35 47
1784 
0 
829 421 37 50
1785 
0 
829 421 37 50
1786 
0 
826 421 37 46
1787 
0 
826 421 37 46
1788 
0 
827 424 29 49
1789 
0 
827 424 29 49
1790 
0 
823 426 32 46
1791 
0 
823 426 32 46
1792 
0 
820 426 33 49
1793 
0 
820 426 33 49
1794 
0 
817 429 35 45
1795 
0 
817 429 35 45
1796 
0 
816 424 32 50
1797 
0 
816 424 32 50
1798 
0 
815 425 32 49
1799 
0 
815 425 32 49
1800 
0 
812 423 33 51
1801 
0 
812 423 33 51
1802 
0 
811 420 32 49
1803 
0 
811 420 32 49
1804 
0 
807 420 35 47
1805 
0 
807 420 35 47
1806 
0 
805 420 36 47
1807 
0 
805 420 36 47
1808 
0 
804 418 36 53
1809 
0 
804 418 36 53
1810 
0 
803 419 37 53
1811 
0 
803 419 37 53
1812 
0 
805 419 35 50
1813 
0 
805 419 35 50
1814 
0 
807 418 33 48
1815 
0 
807 418 33 48
1816 
0 
809 418 36 48
1817 
0 
809 418 36 48
1818 
0 
814 417 34 49
1819 
0 
814 417 34 49
1820 
0 
816 416 34 46
1821 
0 
816 416 34 46
1822 
0 
818 411 35 52
1823 
0 
818 411 35 52
1824 
0 
825 410 31 54
1825 
0 
825 410 31 54
1826 
0 
828 408 32 53
1827 
0 
828 408 32 53
1828 
0 
829 411 32 49
1829 
0 
829 411 32 49
1830 
0 
828 411 35 49
1831 
0 
828 411 35 49
1832 
0 
829 410 30 49
1833 
0 
829 410 30 49
1834 
0 
828 410 32 53
1835 
0 
828 410 32 53
1836 
0 
827 409 29 53
1837 
0 
827 409 29 53
1838 
0 
827 410 29 52
1839 
0 
827 410 29 52
1840 
0 
827 409 29 53
1841 
0 
827 409 29 53
1842 
0 
825 408 32 54
1843 
0 
825 408 32 54
1844 
0 
825 411 31 51
1845 
0 
825 411 31 51
1846 
0 
824 408 33 56
1847 
0 
824 408 33 56
1848 
0 
824 410 32 54
1849 
0 
824 410 32 54
1850 
0 
825 411 31 54
1851 
0 
825 411 31 54
1852 
0 
825 411 31 55
1853 
0 
825 411 31 55
1854 
0 
824 410 32 56
1855 
0 
824 410 32 56
1856 
0 
824 414 33 55
1857 
0 
824 414 33 55
1858 
0 
824 411 33 57
1859 
0 
824 411 33 57
1860 
0 
823 411 33 54
1861 
0 
823 411 33 54
1862 
0 
824 414 32 53
1863 
0 
824 414 32 53
1864 
0 
822 412 34 53
1865 
0 
822 412 34 53
1866 
0 
822 412 35 57
1867 
0 
822 412 35 57
1868 
0 
821 412 35 57
1869 
0 
821 412 35 57
1870 
0 
821 414 33 54
1871 
0 
821 414 33 54
1872 
0 
821 414 32 54
1873 
0 
821 414 32 54
1874 
0 
818 416 35 51
1875 
0 
818 416 35 51
1876 
0 
817 414 36 56
1877 
0 
817 414 36 56
1878 
0 
815 415 36 54
1879 
0 
815 415 36 54
1880 
0 
817 416 34 55
1881 
0 
817 416 34 55
1882 
0 
816 415 36 57
1883 
0 
816 415 36 57
1884 
0 
814 416 37 55
1885 
0 
814 416 37 55
1886 
0 
813 415 35 56
1887 
0 
813 415 35 56
1888 
0 
812 415 36 57
1889 
0 
812 415 36 57
1890 
0 
814 417 34 56
1891 
0 
814 417 34 56
1892 
0 
813 420 35 51
1893 
0 
813 420 35 51
1894 
0 
812 420 33 50
1895 
0 
812 420 33 50
1896 
0 
812 420 34 56
1897 
0 
812 420 34 56
1898 
0 
810 421 35 55
1899 
0 
810 421 35 55
1900 
0 
810 423 33 56
1901 
0 
810 423 33 56
1902 
0 
808 427 32 55
1903 
0 
808 427 32 55
1904 
0 
808 429 33 53
1905 
0 
808 429 33 53
1906 
0 
806 430 36 54
1907 
0 
806 430 36 54
1908 
0 
808 435 36 53
1909 
0 
808 435 36 53
1910 
0 
811 438 36 56
1911 
0 
811 438 36 56
1912 
0 
812 441 37 53
1913 
0 
812 441 37 53
1914 
0 
814 443 37 50
1915 
0 
814 443 37 50
1916 
0 
816 441 35 55
1917 
0 
816 441 35 55
1918 
0 
818 445 33 53
1919 
0 
818 445 33 53
1920 
0 
815 445 37 56
1921 
0 
815 445 37 56
1922 
0 
814 449 37 56
1923 
0 
814 449 37 56
1924 
0 
814 452 37 54
1925 
0 
814 452 37 54
1926 
0 
815 455 38 56
1927 
0 
815 455 38 56
1928 
0 
816 458 38 56
1929 
0 
816 458 38 56
1930 
0 
815 463 38 54
1931 
0 
815 463 38 54
1932 
0 
816 464 37 55
1933 
0 
816 464 37 55
1934 
0 
814 465 39 59
1935 
0 
814 465 39 59
1936 
0 
813 468 38 56
1937 
0 
813 468 38 56
1938 
0 
814 473 36 55
1939 
0 
814 473 36 55
1940 
0 
814 478 37 54
1941 
0 
814 478 37 54
1942 
0 
815 480 36 55
1943 
0 
815 480 36 55
1944 
0 
815 483 37 57
1945 
0 
815 483 37 57
1946 
0 
814 486 36 54
1947 
0 
814 486 36 54
1948 
0 
813 487 38 56
1949 
0 
813 487 38 56
1950 
0 
811 488 39 59
1951 
0 
811 488 39 59
1952 
0 
812 492 38 60
1953 
0 
812 492 38 60
1954 
0 
812 494 39 60
1955 
0 
812 494 39 60
1956 
0 
812 496 39 59
1957 
0 
812 496 39 59
1958 
0 
812 500 38 61
1959 
0 
812 500 38 61
1960 
0 
814 505 36 56
1961 
0 
814 505 36 56
1962 
0 
813 506 37 56
1963 
0 
813 506 37 56
1964 
0 
812 507 36 55
1965 
0 
812 507 36 55
1966 
0 
811 508 37 58
1967 
0 
811 508 37 58
1968 
0 
809 509 39 59
1969 
0 
809 509 39 59
1970 
0 
809 512 38 57
1971 
0 
809 512 38 57
1972 
0 
806 517 41 55
1973 
0 
806 517 41 55
1974 
0 
805 517 40 56
1975 
0 
805 517 40 56
1976 
0 
805 519 42 56
1977 
0 
805 519 42 56
1978 
0 
808 520 39 59
1979 
0 
808 520 39 59
1980 
0 
806 521 40 59
1981 
0 
806 521 40 59
1982 
0 
808 524 41 58
1983 
0 
808 524 41 58
1984 
0 
809 522 40 58
1985 
0 
809 522 40 58
1986 
0 
806 523 42 57
1987 
0 
806 523 42 57
1988 
0 
807 524 37 53
1989 
0 
807 524 37 53
1990 
0 
804 528 44 57
1991 
0 
804 528 44 57
1992 
0 
804 528 42 59
1993 
0 
804 528 42 59
1994 
0 
806 529 39 61
1995 
0 
806 529 39 61
1996 
0 
805 531 38 60
1997 
0 
805 531 38 60
1998 
0 
804 533 37 59
1999 
0 
804 533 37 59
2000 
0 
805 534 36 59
2001 
0 
805 534 36 59
2002 
0 
803 539 40 59
2003 
0 
803 539 40 59
2004 
0 
801 543 41 63
2005 
0 
801 543 41 63
2006 
0 
801 551 41 60
2007 
0 
801 551 41 60
2008 
0 
802 556 38 56
2009 
0 
802 556 38 56
2010 
0 
803 561 37 56
2011 
0 
803 561 37 56
2012 
0 
803 561 37 60
2013 
0 
803 561 37 60
2014 
0 
802 562 38 61
2015 
0 
802 562 38 61
2016 
0 
801 566 40 63
2017 
0 
801 566 40 63
2018 
0 
800 572 41 60
2019 
0 
800 572 41 60
2020 
0 
801 579 39 57
2021 
0 
801 579 39 57
2022 
0 
800 581 42 62
2023 
0 
800 581 42 62
2024 
0 
801 585 40 59
2025 
0 
801 585 40 59
2026 
0 
799 587 37 59
2027 
0 
799 587 37 59
2028 
0 
798 586 39 64
2029 
0 
798 586 39 64
2030 
0 
801 593 39 57
2031 
0 
801 593 39 57
2032 
0 
797 597 40 57
2033 
0 
797 597 40 57
2034 
0 
798 598 38 59
2035 
0 
798 598 38 59
2036 
0 
798 600 39 61
2037 
0 
798 600 39 61
2038 
0 
797 605 40 60
2039 
0 
797 605 40 60
2040 
0 
796 604 41 64
2041 
0 
796 604 41 64
2042 
0 
796 609 40 61
2043 
0 
796 609 40 61
2044 
0 
797 610 39 65
2045 
0 
797 610 39 65
2046 
0 
796 618 41 58
2047 
0 
796 618 41 58
2048 
0 
795 621 42 58
2049 
0 
795 621 42 58
2050 
0 
795 623 41 58
2051 
0 
795 623 41 58
2052 
0 
796 624 40 66
2053 
0 
796 624 40 66
2054 
0 
795 625 42 64
2055 
0 
795 625 42 64
2056 
0 
796 626 40 64
2057 
0 
796 626 40 64
2058 
0 
797 626 39 65
2059 
0 
797 626 39 65
2060 
0 
798 627 39 64
2061 
0 
798 627 39 64
2062 
0 
792 630 47 61
2063 
0 
792 630 47 61
2064 
0 
789 639 51 53
2065 
0 
789 639 51 53
2066 
0 
791 640 48 54
2067 
0 
791 640 48 54
2068 
0 
791 641 49 55
2069 
0 
791 641 49 55
2070 
0 
790 643 50 52
2071 
0 
790 643 50 52
2072 
0 
792 642 48 61
2073 
0 
792 642 48 61
2074 
0 
793 643 46 62
2075 
0 
793 643 46 62
2076 
0 
800 642 44 60
2077 
0 
800 642 44 60
2078 
0 
800 652 41 56
2079 
0 
800 652 41 56
2080 
0 
798 651 49 60
2081 
0 
798 651 49 60
2082 
0 
799 651 47 61
2083 
0 
799 651 47 61
2084 
0 
798 652 47 63
2085 
0 
798 652 47 63
2086 
0 
801 655 44 62
2087 
0 
801 655 44 62
2088 
0 
801 657 43 60
2089 
0 
801 657 43 60
2090 
0 
792 664 50 53
2091 
0 
792 664 50 53
2092 
0 
797 659 48 62
2093 
0 
797 659 48 62
2094 
0 
800 660 44 62
2095 
0 
800 660 44 62
2096 
0 
799 670 44 57
2097 
0 
799 670 44 57
2098 
0 
798 664 47 64
2099 
0 
798 664 47 64
2100 
0 
796 670 51 66
2101 
0 
796 670 51 66
2102 
0 
795 671 53 65
2103 
0 
795 671 53 65
2104 
0 
800 674 44 63
2105 
0 
800 674 44 63
2106 
0 
798 672 49 64
2107 
0 
798 672 49 64
2108 
0 
802 675 44 62
2109 
0 
802 675 44 62
2110 
0 
803 673 43 60
2111 
0 
803 673 43 60
2112 
0 
803 673 44 57
2113 
0 
803 673 44 57
2114 
0 
804 669 41 60
2115 
0 
804 669 41 60
2116 
0 
804 667 42 63
2117 
0 
804 667 42 63
2118 
0 
805 667 41 63
2119 
0 
805 667 41 63
2120 
0 
805 667 45 63
2121 
0 
802 661 50 68
2122 
0 
804 658 46 73
2123 
0 
804 658 46 73
2124 
0 
804 666 47 66
2125 
0 
804 666 47 66
2126 
0 
802 663 52 62
2127 
0 
802 663 52 62
2128 
0 
804 662 50 64
2129 
0 
804 662 50 64
2130 
0 
804 662 50 64
2131 
0 
804 662 50 64
2132 
0 
802 662 51 56
2133 
0 
802 662 51 56
2134 
0 
806 658 47 60
2135 
0 
806 658 47 60
2136 
0 
811 661 43 61
2137 
0 
811 661 43 61
2138 
0 
803 655 54 56
2139 
0 
803 655 54 56
2140 
0 
803 651 53 60
2141 
0 
803 651 53 60
2142 
0 
807 648 51 66
2143 
0 
807 648 51 66
2144 
0 
808 641 46 64
2145 
0 
808 641 46 64
2146 
0 
807 639 48 61
2147 
0 
807 639 48 61
2148 
0 
806 635 50 59
2149 
0 
806 635 50 59
2150 
0 
804 631 53 59
2151 
0 
804 631 53 59
2152 
0 
807 615 48 73
2153 
0 
807 615 48 73
2154 
0 
807 618 47 58
2155 
0 
807 618 47 58
2156 
0 
804 615 52 59
2157 
0 
804 615 52 59
2158 
0 
805 613 50 56
2159 
0 
805 613 50 56
2160 
0 
805 612 52 55
2161 
0 
805 612 52 55
2162 
0 
803 605 53 63
2163 
0 
803 605 53 63
2164 
0 
803 601 54 57
2165 
0 
803 601 54 57
2166 
0 
804 601 51 52
2167 
0 
804 601 51 52
2168 
0 
805 597 47 59
2169 
0 
805 597 47 59
2170 
0 
803 594 52 57
2171 
0 
803 594 52 57
2172 
0 
802 585 50 66
2173 
0 
802 585 50 66
2174 
0 
803 582 49 64
2175 
0 
803 582 49 64
2176 
0 
801 578 52 69
2177 
0 
801 578 52 69
2178 
0 
800 572 53 66
2179 
0 
800 572 53 66
2180 
0 
802 568 51 64
2181 
0 
802 568 51 64
2182 
0 
801 569 53 56
2183 
0 
801 569 53 56
2184 
0 
800 564 52 62
2185 
0 
800 564 52 62
2186 
0 
802 561 51 62
2187 
0 
802 561 51 62
2188 
0 
803 550 51 72
2189 
0 
803 550 51 72
2190 
0 
804 554 53 58
2191 
0 
804 554 53 58
2192 
0 
802 545 53 58
2193 
0 
802 545 53 58
2194 
0 
806 538 54 62
2195 
0 
806 538 54 62
2196 
0 
811 528 50 67
2197 
0 
811 528 50 67
2198 
0 
811 524 53 62
2199 
0 
811 524 53 62
2200 
0 
812 520 54 57
2201 
0 
812 520 54 57
2202 
0 
812 510 57 61
2203 
0 
812 510 57 61
2204 
0 
813 508 56 55
2205 
0 
813 508 56 55
2206 
0 
817 489 57 68
2207 
0 
817 489 57 68
2208 
0 
820 477 55 63
2209 
0 
820 477 55 63
2210 
0 
819 459 55 65
2211 
0 
819 459 55 65
2212 
0 
822 442 54 64
2213 
0 
822 442 54 64
2214 
0 
823 438 55 65
2215 
0 
823 438 55 65
2216 
0 
822 437 55 63
2217 
0 
822 437 55 63
2218 
0 
822 434 55 63
2219 
0 
822 434 55 63
2220 
0 
824 428 53 64
2221 
0 
824 428 53 64
2222 
0 
823 429 55 56
2223 
0 
823 429 55 56
2224 
0 
824 426 58 59
2225 
0 
824 426 58 59
2226 
0 
826 417 51 68
2227 
0 
826 417 51 68
2228 
0 
824 419 57 63
2229 
0 
824 419 57 63
2230 
0 
823 417 56 61
2231 
0 
823 417 56 61
2232 
0 
827 412 53 64
2233 
0 
827 412 53 64
2234 
0 
826 410 55 59
2235 
0 
826 410 55 59
2236 
0 
828 403 53 65
2237 
0 
828 403 53 65
2238 
0 
825 399 60 68
2239 
0 
825 399 60 68
2240 
0 
826 396 60 65
2241 
0 
826 396 60 65
2242 
0 
827 392 57 68
2243 
0 
827 392 57 68
2244 
0 
826 392 58 62
2245 
0 
826 392 58 62
2246 
0 
831 389 54 59
2247 
0 
831 389 54 59
2248 
0 
832 385 55 60
2249 
0 
832 385 55 60
2250 
0 
830 379 57 65
2251 
0 
830 379 57 65
2252 
0 
828 376 59 61
2253 
0 
828 376 59 61
2254 
0 
829 373 60 63
2255 
0 
829 373 60 63
2256 
0 
835 367 56 69
2257 
0 
835 367 56 69
2258 
0 
834 363 57 65
2259 
0 
834 363 57 65
2260 
0 
835 361 55 63
2261 
0 
835 361 55 63
2262 
0 
833 355 59 67
2263 
0 
833 355 59 67
2264 
0 
834 351 59 63
2265 
0 
834 351 59 63
2266 
0 
834 349 59 64
2267 
0 
834 349 59 64
2268 
0 
828 344 71 66
2269 
0 
828 344 71 66
2270 
0 
835 342 58 63
2271 
0 
835 342 58 63
2272 
0 
835 335 58 70
2273 
0 
835 335 58 70
2274 
0 
834 332 61 66
2275 
0 
834 332 61 66
2276 
0 
835 326 60 66
2277 
0 
835 326 60 66
2278 
0 
835 318 67 67
2279 
0 
835 318 67 67
2280 
0 
839 314 59 74
2281 
0 
839 314 59 74
2282 
0 
836 314 57 67
2283 
0 
836 314 57 67
2284 
0 
839 302 60 72
2285 
0 
839 302 60 72
2286 
0 
840 302 60 71
2287 
0 
840 302 60 71
2288 
0 
834 303 72 66
2289 
0 
834 303 72 66
2290 
0 
841 296 60 71
2291 
0 
841 296 60 71
2292 
0 
836 292 68 70
2293 
0 
836 292 68 70
2294 
0 
836 291 68 66
2295 
0 
836 291 68 66
2296 
0 
836 288 70 64
2297 
0 
836 288 70 64
2298 
0 
842 281 60 69
2299 
0 
842 281 60 69
2300 
0 
842 279 61 73
2301 
0 
842 279 61 73
2302 
0 
835 282 75 68
2303 
0 
835 282 75 68
2304 
0 
840 289 70 64
2305 
0 
840 289 70 64
2306 
0 
844 288 62 64
2307 
0 
844 288 62 64
2308 
0 
839 288 70 66
2309 
0 
839 288 70 66
2310 
0 
840 287 70 69
2311 
0 
840 287 70 69
2312 
0 
841 288 70 66
2313 
0 
841 288 70 66
2314 
0 
842 289 72 63
2315 
0 
842 289 72 63
2316 
0 
850 287 59 69
2317 
0 
850 287 59 69
2318 
0 
849 288 61 67
2319 
0 
849 288 61 67
2320 
0 
842 289 73 67
2321 
0 
842 289 73 67
2322 
0 
848 288 61 73
2323 
0 
848 288 61 73
2324 
0 
854 289 60 72
2325 
0 
854 289 60 72
2326 
0 
853 290 59 68
2327 
0 
853 290 59 68
2328 
0 
846 293 73 64
2329 
0 
846 293 73 64
2330 
0 
853 290 61 71
2331 
0 
853 290 61 71
2332 
0 
847 293 73 67
2333 
0 
847 293 73 67
2334 
0 
848 296 71 69
2335 
0 
848 296 71 69
2336 
0 
848 299 76 66
2337 
0 
848 299 76 66
2338 
0 
848 299 74 68
2339 
0 
848 299 74 68
2340 
0 
856 301 61 71
2341 
0 
856 301 61 71
2342 
0 
850 303 73 69
2343 
0 
850 303 73 69
2344 
0 
851 307 74 73
2345 
0 
851 307 74 73
2346 
0 
851 311 73 71
2347 
0 
851 311 73 71
2348 
0 
850 313 74 69
2349 
0 
850 313 74 69
2350 
0 
851 312 75 72
2351 
0 
851 312 75 72
2352 
0 
852 316 74 68
2353 
0 
852 316 74 68
2354 
0 
852 316 74 72
2355 
0 
852 316 74 72
2356 
0 
857 323 72 73
2357 
0 
857 323 72 73
2358 
0 
857 335 72 71
2359 
0 
857 335 72 71
2360 
0 
856 343 74 72
2361 
0 
856 343 74 72
2362 
0 
855 347 78 71
2363 
0 
855 347 78 71
2364 
0 
857 353 74 71
2365 
0 
857 353 74 71
2366 
0 
858 356 71 74
2367 
0 
858 356 71 74
2368 
0 
858 357 74 73
2369 
0 
858 357 74 73
2370 
0 
858 356 73 76
2371 
0 
858 356 73 76
2372 
0 
858 357 73 73
2373 
0 
858 357 73 73
2374 
0 
857 359 75 72
2375 
0 
857 359 75 72
2376 
0 
858 362 74 71
2377 
0 
858 362 74 71
2378 
0 
856 362 75 71
2379 
0 
856 362 75 71
2380 
0 
849 364 77 70
2381 
0 
849 364 77 70
2382 
0 
847 365 76 68
2383 
0 
847 365 76 68
2384 
0 
846 364 74 71
2385 
0 
846 364 74 71
2386 
0 
844 362 75 72
2387 
0 
844 362 75 72
2388 
0 
844 360 76 74
2389 
0 
844 360 76 74
2390 
0 
843 360 77 72
2391 
0 
843 360 77 72
2392 
0 
846 357 76 73
2393 
0 
846 357 76 73
2394 
0 
846 355 77 75
2395 
0 
846 355 77 75
2396 
0 
847 356 75 68
2397 
0 
847 356 75 68
2398 
0 
843 347 78 70
2399 
0 
843 347 78 70
2400 
0 
843 339 78 74
2401 
0 
843 339 78 74
2402 
0 
844 336 76 72
2403 
0 
844 336 76 72
2404 
0 
844 334 75 70
2405 
0 
844 334 75 70
2406 
0 
843 332 77 69
2407 
0 
843 332 77 69
2408 
0 
844 324 76 72
2409 
0 
844 324 76 72
2410 
0 
844 316 77 73
2411 
0 
844 316 77 73
2412 
0 
842 308 78 70
2413 
0 
842 308 78 70
2414 
0 
842 296 80 77
2415 
0 
842 296 80 77
2416 
0 
844 289 76 72
2417 
0 
844 289 76 72
2418 
0 
842 277 80 77
2419 
0 
842 277 80 77
2420 
0 
841 276 80 73
2421 
0 
841 276 80 73
2422 
0 
844 271 77 74
2423 
0 
844 271 77 74
2424 
0 
846 265 77 74
2425 
0 
846 265 77 74
2426 
0 
843 263 84 71
2427 
0 
843 263 84 71
2428 
0 
846 254 78 76
2429 
0 
846 254 78 76
2430 
0 
844 249 81 76
2431 
0 
844 249 81 76
2432 
0 
845 248 82 73
2433 
0 
845 248 82 73
2434 
0 
848 244 78 75
2435 
0 
848 244 78 75
2436 
0 
845 238 82 78
2437 
0 
845 238 82 78
2438 
0 
845 230 81 74
2439 
0 
845 230 81 74
2440 
0 
845 222 82 77
2441 
0 
845 222 82 77
2442 
0 
846 220 78 72
2443 
0 
846 220 78 72
2444 
0 
845 208 79 78
2445 
0 
845 208 79 78
2446 
0 
846 206 81 77
2447 
0 
846 206 81 77
2448 
0 
844 200 84 79
2449 
0 
844 200 84 79
2450 
0 
845 196 81 78
2451 
0 
845 196 81 78
2452 
0 
846 193 80 76
2453 
0 
846 193 80 76
2454 
0 
846 184 79 78
2455 
0 
846 184 79 78
2456 
0 
842 177 83 80
2457 
0 
842 177 83 80
2458 
0 
841 172 82 76
2459 
0 
841 172 82 76
2460 
0 
841 163 83 76
2461 
0 
841 163 83 76
2462 
0 
841 155 85 80
2463 
0 
841 155 85 80
2464 
0 
840 149 84 75
2465 
0 
840 149 84 75
2466 
0 
840 138 83 80
2467 
0 
840 138 83 80
2468 
0 
839 136 83 72
2469 
0 
839 136 83 72
2470 
0 
838 128 87 74
2471 
0 
838 128 87 74
2472 
0 
837 116 85 80
2473 
0 
837 116 85 80
2474 
0 
837 112 86 80
2475 
0 
837 112 86 80
2476 
0 
839 108 83 78
2477 
0 
839 108 83 78
2478 
0 
832 106 90 75
2479 
0 
832 106 90 75
2480 
0 
833 96 87 78
2481 
0 
833 96 87 78
2482 
0 
838 94 77 77
2483 
0 
838 94 77 77
2484 
0 
831 91 87 77
2485 
0 
831 91 87 77
2486 
0 
830 85 89 77
2487 
0 
830 85 89 77
2488 
0 
827 83 90 74
2489 
0 
827 83 90 74
2490 
0 
824 70 93 84
2491 
0 
824 70 93 84
2492 
0 
818 73 93 79
2493 
0 
818 73 93 79
2494 
0 
821 68 87 86
2495 
0 
821 68 87 86
2496 
0 
819 68 87 81
2497 
0 
819 68 87 81
2498 
0 
814 68 91 80
2499 
0 
814 68 91 80
2500 
0 
812 65 90 81
2501 
0 
812 65 90 81
2502 
0 
807 65 89 80
2503 
0 
807 65 89 80
2504 
0 
802 63 92 83
2505 
0 
802 63 92 83
2506 
0 
798 63 97 83
2507 
0 
798 63 97 83
2508 
0 
799 65 93 83
2509 
0 
799 65 93 83
2510 
0 
793 66 92 87
2511 
0 
793 66 92 87
2512 
0 
790 72 89 80
2513 
0 
790 72 89 80
2514 
0 
786 80 91 79
2515 
0 
786 80 91 79
2516 
0 
783 81 90 79
2517 
0 
783 81 90 79
2518 
0 
780 84 94 82
2519 
0 
780 84 94 82
2520 
0 
778 87 92 82
2521 
0 
778 87 92 82
2522 
0 
777 90 89 82
2523 
0 
777 90 89 82
2524 
0 
774 88 95 84
2525 
0 
774 88 95 84
2526 
0 
773 92 86 84
2527 
0 
773 92 86 84
2528 
0 
770 92 89 85
2529 
0 
770 92 89 85
2530 
0 
765 90 91 85
2531 
0 
765 90 91 85
2532 
0 
761 90 94 83
2533 
0 
761 90 94 83
2534 
0 
758 91 95 83
2535 
0 
758 91 95 83
2536 
0 
756 89 93 86
2537 
0 
756 89 93 86
2538 
0 
752 92 97 80
2539 
0 
752 92 97 80
2540 
0 
749 91 98 82
2541 
0 
749 91 98 82
2542 
0 
749 89 98 85
2543 
0 
749 89 98 85
2544 
0 
749 92 97 81
2545 
0 
749 92 97 81
2546 
0 
746 91 91 83
2547 
0 
746 91 91 83
2548 
0 
744 93 92 83
2549 
0 
744 93 92 83
2550 
0 
746 93 90 85
2551 
0 
746 93 90 85
2552 
0 
741 101 90 80
2553 
0 
741 101 90 80
2554 
0 
738 103 98 85
2555 
0 
738 103 98 85
2556 
0 
737 109 94 82
2557 
0 
737 109 94 82
2558 
0 
733 110 98 82
2559 
0 
733 110 98 82
2560 
0 
731 113 96 81
2561 
0 
731 113 96 81
2562 
0 
730 113 95 84
2563 
0 
730 113 95 84
2564 
0 
728 124 95 78
2565 
0 
728 124 95 78
2566 
0 
725 124 99 83
2567 
0 
725 124 99 83
2568 
0 
725 132 99 84
2569 
0 
725 132 99 84
2570 
0 
721 137 96 85
2571 
0 
721 137 96 85
2572 
0 
723 145 90 83
2573 
0 
723 145 90 83
2574 
0 
722 149 91 82
2575 
0 
722 149 91 82
2576 
0 
721 148 92 87
2577 
0 
721 148 92 87
2578 
0 
718 149 99 87
2579 
0 
718 149 99 87
2580 
0 
717 153 96 85
2581 
0 
717 153 96 85
2582 
0 
720 156 93 86
2583 
0 
720 156 93 86
2584 
0 
717 157 97 87
2585 
0 
717 157 97 87
2586 
0 
719 158 95 88
2587 
0 
719 158 95 88
2588 
0 
715 169 98 80
2589 
0 
715 169 98 80
2590 
0 
719 169 95 88
2591 
0 
719 169 95 88
2592 
0 
718 179 97 84
2593 
0 
718 179 97 84
2594 
0 
717 181 99 87
2595 
0 
717 181 99 87
2596 
0 
720 193 94 82
2597 
0 
720 193 94 82
2598 
0 
719 198 99 85
2599 
0 
719 198 99 85
2600 
0 
723 201 103 86
2601 
0 
723 201 103 86
2602 
0 
723 202 105 88
2603 
0 
723 202 105 88
2604 
0 
725 203 105 87
2605 
0 
725 203 105 87
2606 
0 
726 212 102 84
2607 
0 
726 212 102 84
2608 
0 
732 215 102 82
2609 
0 
732 215 102 82
2610 
0 
732 214 104 87
2611 
0 
732 214 104 87
2612 
0 
738 221 100 84
2613 
0 
738 221 100 84
2614 
0 
735 223 106 85
2615 
0 
735 223 106 85
2616 
0 
738 227 104 81
2617 
0 
738 227 104 81
2618 
0 
742 226 98 88
2619 
0 
742 226 98 88
2620 
0 
744 223 106 110
2621 
0 
744 223 106 110
2622 
0 
748 237 101 84
2623 
0 
748 237 101 84
2624 
0 
750 241 98 85
2625 
0 
750 241 98 85
2626 
0 
736 229 130 106
2627 
0 
736 229 130 106
2628 
0 
736 232 131 107
2629 
0 
736 232 131 107
2630 
0 
751 247 105 87
2631 
0 
751 247 105 87
2632 
0 
739 238 129 107
2633 
0 
739 238 129 107
2634 
0 
748 259 111 83
2635 
0 
748 259 111 83
2636 
0 
753 258 108 85
2637 
0 
753 258 108 85
2638 
0 
746 241 126 106
2639 
0 
746 241 126 106
2640 
0 
747 242 126 104
2641 
0 
747 242 126 104
2642 
0 
744 236 132 107
2643 
0 
744 236 132 107
2644 
0 
758 244 109 86
2645 
0 
758 244 109 86
2646 
0 
749 224 129 109
2647 
0 
749 224 129 109
2648 
0 
756 227 111 86
2649 
0 
756 227 111 86
2650 
0 
758 222 111 87
2651 
0 
758 222 111 87
2652 
0 
759 218 110 88
2653 
0 
759 218 110 88
2654 
0 
750 197 128 106
2655 
0 
750 197 128 106
2656 
0 
747 190 132 110
2657 
0 
747 190 132 110
2658 
0 
749 183 131 108
2659 
0 
749 183 131 108
2660 
0 
748 177 133 110
2661 
0 
748 177 133 110
2662 
0 
745 167 137 109
2663 
0 
745 167 137 109
2664 
0 
753 161 123 109
2665 
0 
753 161 123 109
2666 
0 
749 153 129 109
2667 
0 
749 153 129 109
2668 
0 
749 145 131 109
2669 
0 
749 145 131 109
2670 
0 
752 139 126 112
2671 
0 
752 139 126 112
2672 
0 
771 147 102 90
2673 
0 
771 147 102 90
2674 
0 
749 134 134 106
2675 
0 
749 134 134 106
2676 
0 
746 123 138 111
2677 
0 
746 123 138 111
2678 
0 
746 121 138 111
2679 
0 
746 121 138 111
2680 
0 
750 120 127 111
2681 
0 
750 120 127 111
2682 
0 
752 116 125 110
2683 
0 
752 116 125 110
2684 
0 
747 107 132 110
2685 
0 
747 107 132 110
2686 
0 
746 99 135 106
2687 
0 
746 99 135 106
2688 
0 
747 88 132 110
2689 
0 
747 88 132 110
2690 
0 
743 75 135 105
2691 
0 
743 75 135 105
2692 
0 
740 61 137 108
2693 
0 
740 61 137 108
2694 
0 
741 55 134 107
2695 
0 
741 55 134 107
2696 
0 
737 53 138 109
2697 
0 
737 53 138 109
2698 
0 
738 50 135 105
2699 
0 
738 50 135 105
2700 
0 
738 51 131 104
2701 
0 
738 51 131 104
2702 
0 
737 49 129 104
2703 
0 
737 49 129 104
2704 
0 
734 47 132 105
2705 
0 
734 47 132 105
2706 
0 
732 46 130 106
2707 
0 
732 46 130 106
2708 
0 
729 45 132 107
2709 
0 
729 45 132 107
2710 
0 
726 46 134 106
2711 
0 
726 46 134 106
2712 
0 
719 46 137 108
2713 
0 
719 46 137 108
2714 
0 
717 47 138 109
2715 
0 
717 47 138 109
2716 
0 
718 49 136 106
2717 
0 
718 49 136 106
2718 
0 
713 49 138 109
2719 
0 
713 49 138 109
2720 
0 
712 55 139 106
2721 
0 
712 55 139 106
2722 
0 
709 59 142 107
2723 
0 
709 59 142 107
2724 
0 
711 67 138 109
2725 
0 
711 67 138 109
2726 
0 
706 76 144 107
2727 
0 
706 76 144 107
2728 
0 
711 90 136 106
2729 
0 
711 90 136 106
2730 
0 
708 100 137 103
2731 
0 
708 100 137 103
2732 
0 
703 106 147 107
2733 
0 
703 106 147 107
2734 
0 
707 115 141 102
2735 
0 
707 115 141 102
2736 
0 
709 121 133 103
2737 
0 
709 121 133 103
2738 
0 
707 121 136 106
2739 
0 
707 121 136 106
2740 
0 
702 122 146 106
2741 
0 
702 122 146 106
2742 
0 
705 120 126 110
2743 
0 
705 120 126 110
2744 
0 
700 119 135 112
2745 
0 
700 119 135 112
2746 
0 
703 122 130 109
2747 
0 
703 122 130 109
2748 
0 
701 119 132 115
2749 
0 
701 119 132 115
2750 
0 
703 124 130 108
2751 
0 
703 124 130 108
2752 
0 
699 119 136 115
2753 
0 
699 119 136 115
2754 
0 
701 118 133 114
2755 
0 
701 118 133 114
2756 
0 
705 123 140 106
2757 
0 
705 123 140 106
2758 
0 
703 122 146 106
2759 
0 
703 122 146 106
2760 
0 
709 126 140 103
2761 
0 
709 126 140 103
2762 
0 
721 138 115 84
2763 
0 
721 138 115 84
2764 
0 
712 135 133 102
2765 
0 
712 135 133 102
2766 
0 
727 146 113 85
2767 
0 
727 146 113 85
2768 
0 
713 140 137 105
2769 
0 
713 140 137 105
2770 
0 
715 147 136 102
2771 
0 
715 147 136 102
2772 
0 
714 154 141 103
2773 
0 
714 154 141 103
2774 
0 
715 158 136 102
2775 
0 
715 158 136 102
2776 
0 
715 159 138 101
2777 
0 
715 159 138 101
2778 
0 
714 159 139 102
2779 
0 
714 159 139 102
2780 
0 
715 160 137 106
2781 
0 
715 160 137 106
2782 
0 
716 166 135 103
2783 
0 
716 166 135 103
2784 
0 
725 176 108 82
2785 
0 
725 176 108 82
2786 
0 
709 165 138 105
2787 
0 
709 165 138 105
2788 
0 
712 163 133 107
2789 
0 
712 163 133 107
2790 
0 
714 163 135 105
2791 
0 
714 163 135 105
2792 
0 
727 169 109 85
2793 
0 
727 169 109 85
2794 
0 
725 167 116 83
2795 
0 
725 167 116 83
2796 
0 
732 153 107 84
2797 
0 
732 153 107 84
2798 
0 
734 139 106 81
2799 
0 
734 139 106 81
2800 
0 
735 130 110 84
2801 
0 
735 130 110 84
2802 
0 
739 126 103 87
2803 
0 
739 126 103 87
2804 
0 
745 127 108 84
2805 
0 
745 127 108 84
2806 
0 
747 126 105 85
2807 
0 
747 126 105 85
2808 
0 
747 128 106 85
2809 
0 
747 128 106 85
2810 
0 
751 130 100 85
2811 
0 
751 130 100 85
2812 
0 
754 131 93 84
2813 
0 
754 131 93 84
2814 
0 
755 136 95 78
2815 
0 
755 136 95 78
2816 
0 
761 134 89 76
2817 
0 
761 134 89 76
2818 
0 
762 127 91 80
2819 
0 
762 127 91 80
2820 
0 
762 118 90 79
2821 
0 
762 118 90 79
2822 
0 
767 116 87 79
2823 
0 
767 116 87 79
2824 
0 
764 112 90 81
2825 
0 
764 112 90 81
2826 
0 
761 113 89 81
2827 
0 
761 113 89 81
2828 
0 
753 97 91 116
2829 
0 
753 97 91 116
2830 
0 
737 117 92 74
2831 
0 
737 117 92 74
2832 
0 
718 117 89 74
2833 
0 
718 117 89 74
2834 
0 
700 96 97 115
2835 
0 
700 96 97 115
2836 
0 
698 88 91 132
2837 
0 
698 88 91 132
2838 
0 
696 89 88 127
2839 
0 
696 89 88 127
2840 
0 
689 112 99 84
2841 
0 
689 112 99 84
2842 
0 
687 107 92 87
2843 
0 
687 107 92 87
2844 
0 
683 103 100 87
2845 
0 
683 103 100 87
2846 
0 
680 101 100 85
2847 
0 
680 101 100 85
2848 
0 
679 103 81 82
2849 
0 
679 103 81 82
2850 
0 
676 101 86 84
2851 
0 
676 101 86 84
2852 
0 
675 102 87 82
2853 
0 
675 102 87 82
2854 
0 
672 100 86 85
2855 
0 
672 100 86 85
2856 
0 
673 102 87 84
2857 
0 
673 102 87 84
2858 
0 
670 100 90 87
2859 
0 
670 100 90 87
2860 
0 
669 99 86 85
2861 
0 
669 99 86 85
2862 
0 
662 100 95 81
2863 
0 
662 100 95 81
2864 
0 
661 101 90 79
2865 
0 
661 101 90 79
2866 
0 
660 101 93 79
2867 
0 
660 101 93 79
2868 
0 
660 101 94 79
2869 
0 
660 101 94 79
2870 
0 
655 102 101 81
2871 
0 
655 102 101 81
2872 
0 
659 102 92 86
2873 
0 
659 102 92 86
2874 
0 
662 105 91 85
2875 
0 
662 105 91 85
2876 
0 
660 106 93 84
2877 
0 
660 106 93 84
2878 
0 
668 112 90 79
2879 
0 
668 112 90 79
2880 
0 
671 112 86 80
2881 
0 
671 112 86 80
2882 
0 
683 114 92 77
2883 
0 
683 114 92 77
2884 
0 
682 114 94 81
2885 
0 
682 114 94 81
2886 
0 
681 117 104 79
2887 
0 
681 117 104 79
2888 
0 
687 129 102 69
2889 
0 
687 129 102 69
2890 
0 
685 127 99 72
2891 
0 
685 127 99 72
2892 
0 
691 131 93 70
2893 
0 
691 131 93 70
2894 
0 
689 131 100 79
2895 
0 
689 131 100 79
2896 
0 
686 135 102 75
2897 
0 
686 135 102 75
2898 
0 
690 134 99 82
2899 
0 
690 134 99 82
2900 
0 
691 137 97 81
2901 
0 
691 137 97 81
2902 
0 
690 141 99 75
2903 
0 
690 141 99 75
2904 
0 
698 156 81 64
2905 
0 
698 156 81 64
2906 
0 
711 154 86 74
2907 
0 
711 154 86 74
2908 
0 
700 158 80 70
2909 
0 
700 158 80 70
2910 
0 
700 160 84 78
2911 
0 
700 160 84 78
2912 
0 
712 171 85 79
2913 
0 
712 171 85 79
2914 
0 
713 182 83 73
2915 
0 
713 182 83 73
2916 
0 
716 196 80 79
2917 
0 
716 196 80 79
2918 
0 
718 203 83 77
2919 
0 
718 203 83 77
2920 
0 
714 217 82 82
2921 
0 
714 217 82 82
2922 
0 
714 222 89 83
2923 
0 
714 222 89 83
2924 
0 
712 229 94 82
2925 
0 
712 229 94 82
2926 
0 
717 241 87 84
2927 
0 
717 241 87 84
2928 
0 
718 246 89 78
2929 
0 
718 246 89 78
2930 
0 
725 249 80 80
2931 
0 
725 249 80 80
2932 
0 
734 250 90 84
2933 
0 
734 250 90 84
2934 
0 
745 262 84 81
2935 
0 
745 262 84 81
2936 
0 
760 267 83 78
2937 
0 
760 267 83 78
2938 
0 
770 271 82 78
2939 
0 
770 271 82 78
2940 
0 
769 270 79 78
2941 
0 
769 270 79 78
2942 
0 
782 284 95 77
2943 
0 
782 284 95 77
2944 
0 
796 288 82 80
2945 
0 
796 288 82 80
2946 
0 
811 284 93 89
2947 
0 
811 284 93 89
2948 
0 
811 289 90 86
2949 
0 
811 289 90 86
2950 
0 
826 294 97 84
2951 
0 
826 294 97 84
2952 
0 
836 283 99 120
2953 
0 
836 283 99 120
2954 
0 
843 285 99 122
2955 
0 
843 285 99 122
2956 
0 
852 314 95 81
2957 
0 
852 314 95 81
2958 
0 
853 318 96 81
2959 
0 
853 318 96 81
2960 
0 
856 324 101 91
2961 
0 
856 324 101 91
2962 
0 
880 334 85 80
2963 
0 
880 334 85 80
2964 
0 
876 339 96 83
2965 
0 
876 339 96 83
2966 
0 
878 330 102 121
2967 
0 
878 330 102 121
2968 
0 
880 338 107 121
2969 
0 
880 338 107 121
2970 
0 
887 345 102 115
2971 
0 
887 345 102 115
2972 
0 
891 356 102 116
2973 
0 
891 356 102 116
2974 
0 
891 362 102 111
2975 
0 
891 362 102 111
2976 
0 
897 380 99 86
2977 
0 
897 380 99 86
2978 
0 
887 368 98 115
2979 
0 
887 368 98 115
2980 
0 
890 374 102 118
2981 
0 
890 374 102 118
2982 
0 
878 388 132 106
2983 
0 
878 388 132 106
2984 
0 
878 393 131 106
2985 
0 
878 393 131 106
2986 
0 
880 403 129 108
2987 
0 
880 403 129 108
2988 
0 
877 403 134 111
2989 
0 
877 403 134 111
2990 
0 
874 404 139 114
2991 
0 
874 404 139 114
2992 
0 
874 409 139 110
2993 
0 
874 409 139 110
2994 
0 
877 411 138 109
2995 
0 
877 411 138 109
2996 
0 
895 427 107 87
2997 
0 
895 427 107 87
2998 
0 
870 417 149 109
2999 
0 
870 417 149 109
3000 
0 
870 422 150 107
3001 
0 
870 422 150 107
3002 
0 
897 438 103 83
3003 
0 
897 438 103 83
3004 
0 
896 441 107 79
3005 
0 
896 441 107 79
3006 
0 
897 443 103 79
3007 
0 
897 443 103 79
3008 
0 
891 444 114 78
3009 
0 
891 444 114 78
3010 
0 
871 441 141 94
3011 
0 
871 441 141 94
3012 
0 
891 446 111 83
3013 
0 
891 446 111 83
3014 
0 
890 449 113 83
3015 
0 
890 449 113 83
3016 
0 
869 444 131 99
3017 
0 
869 444 131 99
3018 
0 
861 439 136 107
3019 
0 
861 439 136 107
3020 
0 
857 440 138 107
3021 
0 
857 440 138 107
3022 
0 
853 439 141 108
3023 
0 
853 439 141 108
3024 
0 
855 437 140 111
3025 
0 
855 437 140 111
3026 
0 
854 440 140 108
3027 
0 
854 440 140 108
3028 
0 
853 442 136 119
3029 
0 
853 442 136 119
3030 
0 
841 451 134 102
3031 
0 
841 451 134 102
3032 
0 
837 442 140 103
3033 
0 
837 442 140 103
3034 
0 
833 444 138 98
3035 
0 
833 444 138 98
3036 
0 
851 448 107 82
3037 
0 
851 448 107 82
3038 
0 
849 447 105 84
3039 
-2 
0 0 0 0
3040 
0 
825 450 134 111
3041 
0 
825 450 134 111
3042 
0 
827 441 130 104
3043 
0 
827 441 130 104
3044 
0 
823 448 133 107
3045 
0 
823 448 133 107
3046 
0 
820 448 133 108
3047 
0 
820 448 133 108
3048 
0 
820 451 130 104
3049 
0 
820 451 130 104
3050 
0 
826 462 114 81
3051 
0 
826 462 114 81
3052 
0 
849 467 100 73
3053 
0 
849 467 100 73
3054 
0 
821 467 123 77
3055 
0 
821 467 123 77
3056 
0 
823 473 117 68
3057 
0 
823 473 117 68
3058 
0 
819 472 117 76
3059 
0 
819 472 117 76
3060 
0 
820 473 121 82
3061 
0 
820 473 121 82
3062 
0 
821 476 113 81
3063 
0 
821 476 113 81
3064 
0 
822 482 109 84
3065 
0 
822 482 109 84
3066 
0 
826 485 107 82
3067 
0 
826 485 107 82
3068 
0 
821 493 106 75
3069 
0 
821 493 106 75
3070 
0 
823 499 117 78
3071 
0 
823 499 117 78
3072 
0 
827 508 105 86
3073 
0 
827 508 105 86
3074 
0 
826 517 106 86
3075 
0 
826 517 106 86
3076 
0 
825 533 109 83
3077 
0 
825 533 109 83
3078 
0 
826 542 113 86
3079 
0 
826 542 113 86
3080 
0 
830 560 105 87
3081 
0 
830 560 105 87
3082 
0 
829 574 102 82
3083 
0 
829 574 102 82
3084 
0 
828 587 106 83
3085 
0 
828 587 106 83
3086 
0 
852 599 96 77
3087 
0 
852 599 96 77
3088 
0 
823 609 116 81
3089 
0 
823 609 116 81
3090 
0 
851 610 98 86
3091 
0 
851 610 98 86
3092 
0 
852 623 96 83
3093 
0 
852 623 96 83
3094 
0 
828 628 110 83
3095 
0 
828 628 110 83
3096 
0 
851 631 97 86
3097 
0 
851 631 97 86
3098 
0 
853 642 93 82
3099 
0 
853 642 93 82
3100 
0 
856 650 89 79
3101 
0 
856 650 89 79
3102 
0 
851 651 91 86
3103 
0 
851 651 91 86
3104 
0 
852 657 94 79
3105 
0 
852 657 94 79
3106 
0 
852 656 94 82
3107 
0 
852 656 94 82
3108 
0 
857 663 88 84
3109 
0 
857 663 88 84
3110 
0 
858 664 88 81
3111 
0 
858 664 88 81
3112 
0 
854 668 95 79
3113 
0 
854 668 95 79
3114 
0 
856 667 93 81
3115 
0 
856 667 93 81
3116 
0 
853 667 93 83
3117 
0 
853 667 93 83
3118 
0 
851 666 98 87
3119 
0 
851 666 98 87
3120 
0 
852 666 99 87
3121 
0 
852 666 99 87
3122 
0 
855 667 95 82
3123 
0 
855 667 95 82
3124 
0 
856 666 94 82
3125 
0 
856 666 94 82
3126 
0 
857 666 94 82
3127 
0 
857 666 94 82
3128 
0 
856 662 95 86
3129 
0 
856 662 95 86
3130 
0 
855 660 99 87
3131 
0 
855 660 99 87
3132 
0 
851 653 105 88
3133 
0 
851 653 105 88
3134 
0 
849 654 104 85
3135 
0 
849 654 104 85
3136 
0 
851 654 104 83
3137 
0 
851 654 104 83
3138 
0 
851 652 100 84
3139 
0 
851 652 100 84
3140 
0 
850 650 100 88
3141 
0 
850 650 100 88
3142 
0 
850 651 99 87
3143 
0 
850 651 99 87
3144 
0 
848 651 98 88
3145 
0 
848 651 98 88
3146 
0 
848 650 100 91
3147 
0 
848 650 100 91
3148 
0 
850 653 95 84
3149 
0 
850 653 95 84
3150 
0 
851 653 93 85
3151 
0 
851 653 93 85
3152 
0 
853 653 91 82
3153 
0 
853 653 91 82
3154 
0 
852 654 91 80
3155 
0 
852 654 91 80
3156 
0 
853 654 89 79
3157 
0 
853 654 89 79
3158 
0 
855 655 84 76
3159 
0 
855 655 84 76
3160 
0 
826 652 104 88
3161 
0 
826 652 104 88
3162 
0 
828 652 100 89
3163 
0 
828 652 100 89
3164 
0 
825 652 101 86
3165 
0 
825 652 101 86
3166 
0 
806 656 103 83
3167 
0 
806 656 103 83
3168 
0 
804 658 104 78
3169 
0 
804 658 104 78
3170 
0 
801 661 99 86
3171 
0 
801 661 99 86
3172 
0 
783 662 106 84
3173 
0 
783 662 106 84
3174 
0 
778 662 108 86
3175 
0 
778 662 108 86
3176 
0 
782 663 99 84
3177 
0 
782 663 99 84
3178 
0 
763 667 100 82
3179 
0 
763 667 100 82
3180 
0 
763 670 98 77
3181 
0 
763 670 98 77
3182 
0 
758 669 97 84
3183 
0 
758 669 97 84
3184 
0 
758 669 93 81
3185 
0 
758 669 93 81
3186 
0 
757 671 89 79
3187 
0 
757 671 89 79
3188 
0 
737 673 102 81
3189 
0 
737 673 102 81
3190 
0 
730 675 101 83
3191 
0 
730 675 101 83
3192 
0 
717 678 96 78
3193 
0 
717 678 96 78
3194 
0 
711 678 102 81
3195 
0 
711 678 102 81
3196 
0 
711 680 97 78
3197 
0 
711 680 97 78
3198 
0 
715 684 88 73
3199 
0 
715 684 88 73
3200 
0 
691 690 94 78
3201 
0 
691 690 94 78
3202 
0 
665 691 100 81
3203 
0 
665 691 100 81
3210 
0 
645 702 93 75
3211 
0 
645 702 93 75
3212 
0 
639 701 99 80
3213 
0 
639 701 99 80
3214 
0 
644 702 90 78
3215 
0 
644 702 90 78
3216 
0 
644 702 95 79
3217 
0 
644 702 95 79
3218 
0 
664 703 87 78
3219 
0 
664 703 87 78
3220 
0 
665 702 96 80
3221 
0 
665 702 96 80
3222 
0 
666 708 166 138
3223 
0 
666 708 166 138
3224 
0 
671 688 134 110
3225 
0 
671 688 134 110
3226 
0 
685 691 135 106
3227 
0 
685 691 135 106
3228 
0 
690 688 138 108
3229 
0 
690 688 138 108
3230 
0 
710 696 111 86
3231 
0 
710 696 111 86
3232 
0 
727 696 106 86
3237 
0 
733 689 110 86
3238 
0 
753 688 99 81
3239 
0 
753 688 99 81
3240 
0 
753 682 105 77
3241 
0 
753 682 105 77
3242 
0 
759 678 107 78
3243 
0 
759 678 107 78
3244 
0 
776 677 95 78
3245 
0 
776 677 95 78
3246 
0 
779 672 102 78
3247 
0 
779 672 102 78
3248 
-2 
0 0 0 0
3249 
-2 
0 0 0 0
3250 
0 
802 660 93 74
3251 
0 
802 660 93 74
3252 
0 
799 654 109 85
3253 
0 
799 654 109 85
3254 
0 
799 657 115 77
3255 
0 
799 657 115 77
3256 
0 
821 654 103 77
3257 
0 
821 654 103 77
3258 
0 
827 649 112 84
3259 
0 
827 649 112 84
3260 
0 
847 649 113 79
3261 
0 
847 649 113 79
3272 
-2 
0 0 0 0
3273 
-2 
0 0 0 0
3274 
-2 
0 0 0 0
3275 
-2 
0 0 0 0
3276 
0 
996 629 107 84
3277 
0 
996 629 107 84
3278 
0 
1014 627 100 83
3279 
0 
1014 627 100 83
3280 
0 
1021 627 104 78
3281 
0 
1021 627 104 78
3282 
0 
1022 624 110 83
3283 
0 
1022 624 110 83
3284 
0 
1046 624 97 79
3285 
0 
1046 624 97 79
3286 
0 
1047 624 105 81
3287 
0 
1047 624 105 81
3288 
0 
1070 623 101 81
3289 
0 
1070 623 101 81
3290 
0 
1074 621 103 84
3303 
0 
1137 614 114 77
3304 
0 
1160 621 104 75
3305 
0 
1160 621 104 75
3306 
0 
1163 620 110 77
3307 
0 
1163 620 110 77
3308 
0 
1166 621 110 78
3309 
0 
1166 621 110 78
3310 
0 
1180 614 119 77
3311 
0 
1180 614 119 77
3312 
0 
1184 614 120 76
3313 
0 
1184 614 120 76
3314 
0 
1202 613 121 80
3315 
0 
1202 613 121 80
3316 
0 
1206 611 123 82
3317 
0 
1206 611 123 82
3318 
0 
1227 611 117 82
3319 
0 
1227 611 117 82
3346 
0 
1342 663 150 72
3347 
0 
1342 661 141 72
3348 
0 
1344 667 139 71
3349 
0 
1350 669 132 73
3350 
0 
1362 672 124 73
3351 
0 
1362 672 120 70
3352 
0 
1365 676 109 68
